177616.5
176477
125508.8
126846.8
138325.3
137744.8
129139.8
122884.8
132311.8
149648.3
163150
155224.5
139866.3
136809.5
143119
163614
170075.8
164912.5
155028
157611.8
178824.8
203401
212700.8
203974.3
196315.3
209493.8
235053.5
257981.5
252536.5
236202.8
229372
248145.5
280464.8
302273.8
314104.8
306513.5
272680.3
260719
296181
341178.8
350250.3
326200
328761.8
353343.3
359730.8
358685
369738.3
402571.3
395291.8
370382.3
379694.8
424843.8
452724
434911.3
422997
458473.3
503111
490720.8
459581.8
468911.8
482700.3
513024.3
544642
601321.3
621339.5
576985.3
539803
563628.8
656730.5
689728.3
664646
662237.3
684509
724188.8
768270.8
870590.3
929718.5
880040.3
808391.3
869525.3
1042875
1098715
1036342
1018955
1107900
1136582
1105504
1130876
1201306
1198196
1170466
1271605
1534496
1592528
1387027
1286897
1365170
1520898
1464657
1356138
1451420
1505384
1437131
1328151
1450558
1731908
1709979
1478233
1395361
1517574
1668447
1662354
1702944
1882482
1904582
1679899
1571600
1744888
1934291
1942086
1743438
1720521
1911861
2108490
2066526
1936113
1927581
1995326
1923904
1802796
1827392
1998617
1972037
1836203
1926812
2210772
2365548
2126007
1870384
1928249
2112508
2243064
2183847
2134791
2095207
1946804
1975297
2145355
2425762
2561245
2397679
2277655
2321799
2549724
2768564
2705499
2571733
2432360
2448983
2514551
2552753
2628705
2526820
2445008
2332351
2315792
2464376
2463060
2503452
2539154
2580681
2710838
2779203
2802712
2755536
2688802
2717846
2843566
2896796
2781080
2581545
2508231
2661671
2864915
2902745
2760886
2771055
2886998
2910521
2890650
2967679
3198578
3199753
3000623
2940852
3013213
3211456
3140245
2809375
2629534
2652229
2758278
2668212
2468374
2555204
2659327
2630768
2579050
2679794
3043715
3165075
2905569
2584826
2631945
2971877
3016428
2667126
2399181
2483195
2715213
2614640
2244409
2150920
2342842
2399176
2189373
1964030
2000091
2225856
2282693
2150985
2092541
2276132
2561321
2570461
2360489
2193430
2230406
2358283
2427296
2221671
2073109
2156401
2150219
2041562
1919263
2001414
2218549
2182303
2038645
2011243
2164033
2363231
2353368
2250354
2220722
2366079
2501016
2513355
2393822
2289163
2322930
2343356
2350626
2199863
2071316
2129330
2138697
2096437
1976110
1941142
2143539
2338548
2355979
2124427
2044125
2173976
2433805
2501171
2273186
2145184
2187691
2448285
2612340
2454869
2235704
2125123
2172949
2271035
2269383
2308203
2398586
2304637
2081917
1956768
2038440
2220489
2199502
2053106
1978122
2167994
2425075
2455326
2327547
2205120
2257709
2449207
2536238
2504434
2538189
2530008
2434101
2288522
2273680
2419938
2531926
2483027
2360166
2462766
2672677
2801305
2662676
2399825
2418666
2651716
2725035
2576535
2399281
2417240
2557899
2604865
2380774
2189329
2223866
2336712
2370256
2227451
2161710
2432411
2775766
2713146
2298113
2011226
2229336
2590296
2692579
2425468
2120889
2196835
2420304
2607157
2568549
2400620
2489891
2570889
2648390
2594181
2459389
2546688
2624833
2616779
2551667
2587615
2759171
2874717
2770243
2488678
2359991
2478351
2660225
2881965
2868575
2800946
2808697
2791688
2887982
2835736
2777475
2803303
2886853
3048843
3102445
3127763
3033676
2873246
2827822
2919687
3161965
3264182
3208368
3155249
3270907
3497174
3548010
3303939
3049206
3086389
3372928
3682818
3742770
3534257
3405233
3358084
3277985
3220707
3235876
3409461
3610740
3613996
3377667
3217889
3462858
3755906
3852491
3560877
3185485
3326322
3735043
4045270
3883740
3304387
3045630
3310116
3731050
3818404
3425715
2996344
2922104
3185007
3451518
3388435
3161430
3082711
3247958
3544123
3562186
3371377
3270040
3340021
3580967
3779610
3736277
3553805
3546307
3683344
3811052
3876490
3755988
3688770
3713803
3928451
4122982
4065180
3907144
3656276
3675178
3888404
3999452
4174694
4260011
4335850
4441221
4396265
4202832
4069044
4193772
4346910
4525071
4644105
4523255
4498173
4524470
4544063
4644092
4506396
4465331
4507160
4568676
4783501
4877108
4803047
4501911
4250486
4325587
4617233
4977705
5128608
4982552
4650112
4374724
4384735
4530948
4759269
4853376
4693447
4469430
4367097
4632884
4933678
4996180
4739296
4243195
4127327
4419527
4829190
5177920
5103860
4634664
4168701
3978713
4181549
4411838
4532222
4528270
4358956
4233309
4076054
4006184
4059991
4134722
4218106
4165850
4109962
4110197
4182815
4326478
4376413
4174069
3854409
3703150
3819374
4078418
4175030
3959848
3638735
3373877
3371027
3515781
3564477
3651237
3538095
3427062
3559964
3578170
3612821
3481975
3202005
3189527
3380455
3660093
3734505
3443043
3216884
3089539
3113875
3250332
3352941
3445294
3406677
3247010
3171845
3245640
3458459
3605567
3371522
3158312
3198148
3320615
3588887
3753101
3611830
3313187
3058192
3105125
3437757
3766435
3889830
3638984
3233511
3146052
3372670
3664542
3750066
3546358
3238029
3115680
3316330
3681961
3868192
3581091
3110551
2884149
2980826
3273993
3507983
3503278
3185424
2873901
2859450
2975438
3111021
3068297
2771897
2584940
2600580
2744100
2857844
2857786
2818576
2694115
2657255
2720734
2731957
2800310
2826472
2715415
2656386
2676262
2661022
2659007
2706648
2745738
2760072
2702264
2557415
2439968
2452592
2561526
2673608
2673817
2541295
2394064
2336496
2410108
2592245
2670456
2559298
2331791
2155149
2236606
2440708
2500212
2406183
2258805
2189440
2223301
2278866
2360995
2379256
2299093
2249658
2187844
2159268
2140405
2099270
2117057
2158962
2163325
2137936
2073373
2021152
2083734
2189262
2229654
2292150
2223883
2141458
2150136
2243824
2427462
2495149
2433937
2309965
2188805
2170654
2333329
2592320
2684576
2471334
2170499
2092941
2176715
2422205
2584434
2463592
2267318
2120820
2112378
2235850
2357745
2276930
2064979
1912656
1954985
2097314
2229713
2194836
1933079
1720176
1688044
1847640
2027577
2056800
1880266
1630198
1537119
1599048
1731843
1800434
1761112
1604476
1478528
1476634
1626382
1764918
1759937
1611783
1459499
1398120
1474190
1605230
1743921
1743621
1620376
1450288
1393774
1466334
1649110
1786977
1773810
1601285
1435042
1379201
1502503
1638582
1682060
1601940
1458353
1356020
1411017
1610408
1758968
1767882
1587273
1424749
1354837
1364362
1426590
1491701
1525981
1466211
1357452
1314157
1351896
1400771
1404477
1377788
1324962
1281773
1269998
1276673
1296784
1295764
1236180
1190812
1147688
1128685
1174067
1195504
1183596
1149727
1116927
1105389
1103421
1088833
1074533
1051132
1027567
1008478
997528.5
999858
1010145
1011125
965583.8
924963.3
906775.8
907737.3
945239.8
974887.5
966511.3
931287.3
882150.3
841382.8
839516
847394.8
887713.3
925800
912751.5
865157.3
824629.5
810288.8
823828.8
856503
894064.8
912786.3
879472.8
825699.8
790539.8
799338.3
851802.5
893255.3
904146.8
880336.3
833694
800762.8
796753
828926.8
880929
897373.8
896366
866538
814506
790687.3
805174.5
845872.5
892975.5
887738.3
838311.8
782240.3
734382.3
733065.3
748586.8
750465.8
751405.5
737824.8
724148.3
728024.8
720565
715064.3
719574.5
696523.8
694241.8
706859
702393.3
704464.3
704942.8
695110.8
679632.8
660977.3
635697.5
634207.3
649914.8
675796.3
698224.3
684860.8
663647.8
643422
632681.8
639804.5
656479.3
660647.5
645836.3
626181.8
617031.3
633027.8
640923
637074.3
620066.3
595208
573120.3
562496.8
570677.3
578742.3
580940.8
582852.5
567874.8
548259.3
539965.3
538430.8
546149.5
528656
501524
499749
507082.8
517348.3
527217.8
530952.8
526556.8
510938.8
481123.8
459068.3
453640.3
464147.8
478203.8
489093.3
484561.8
460116.8
436809.5
421848.3
415320
419775.8
432315.5
439856.8
433756.5
417883.8
403668.5
404035
406691.5
409584.3
410967
408754
408377
396470.8
380973.3
375436
379774.3
378533.3
381616.3
373830.3
359214.3
348172.3
338591.3
343158.8
349486.3
350697.3
350760.8
341720.8
327275.8
319665.5
320324.8
322574.3
326410.3
330763.8
320072
320841.3
311401.5
307374.3
301774.5
308378.5
311928
319822.5
311552
300719.8
288051.3
286682.5
282060.5
293036.5
298463
301815.5
298750.5
289564.3
281071.8
271608.5
270359
269222.3
270506.5
269062.8
261960
259068.8
255200.8
248075
246446.3
245999.8
239116.3
233791.3
233526
229884.3
228791.3
228613.8
224294
220348.5
215330
217522.5
214785
213011.8
209231.5
210335.3
213713
212905.8
208714.3
203548.5
199128.8
198037.5
195470.8
195840.8
198139.8
200393.3
200723
198641.5
193290.8
187693
182176.3
180318.8
183132
182365.8
181861.5
179255.3
178708.5
176088.3
172286.8
165361.5
163290.3
159356.8
157642.3
160173
157597.8
156666.8
158672.8
155693.8
149048.5
145038.3
141634.3
141790.8
144160.3
147771.8
148459.8
149486.3
146867.8
141110.3
137987.8
132769.3
130546.3
130402.5
130276.5
