404668.5
405909
249744.8
228234.8
223529.3
218188.8
218151.8
226176.8
237507.8
251988.3
270726
283268.5
280762.3
282941.5
294963
310698
321443.8
322468.5
324484
341823.8
361608.8
372857
380728.8
389138.3
398615.3
409413.8
438781.5
474085.5
486728.5
483722.8
493552
529937.5
576060.8
589301.8
587328.8
586401.5
591124.3
609627
641757
676282.8
692494.3
698908
708609.8
736999.3
768138.8
799937
826698.3
840967.3
855583.8
880178.3
907102.8
935591.8
952048
978979.3
1007525
1046333
1076215
1095241
1118842
1157208
1185752
1218456
1254834
1293901
1299640
1304313
1325203
1370925
1421663
1432288
1473370
1513801
1557017
1575277
1602699
1703590
1793659
1829660
1832743
1884833
1992019
2045955
2054982
2057587
2132728
2173310
2177932
2221392
2280398
2329648
2337142
2372117
2498396
2599744
2582263
2533541
2583730
2680910
2694165
2656570
2689020
2748696
2785163
2790899
2844762
2972840
2993751
2943361
2926653
3034110
3207355
3286942
3259940
3242890
3314018
3353991
3381352
3417552
3439879
3488134
3486550
3533605
3603089
3722130
3746330
3713973
3752089
3854106
3917392
3858640
3806124
3829789
3894125
3966303
3991224
4022428
4057252
4078083
4080452
4130225
4153120
4157060
4132591
4124471
4186275
4245408
4285325
4303063
4362130
4444301
4475419
4496291
4522347
4546544
4567844
4558567
4578073
4654804
4778051
4820771
4825177
4859241
4882544
4901644
4863243
4876196
4971944
4981100
4988172
4969610
5027797
5114638
5133975
5117500
5068896
5114022
5231602
5319718
5280604
5164412
5150517
5223335
5322987
5365819
5310829
5197054
5145819
5247958
5412853
5466762
5433359
5310114
5186577
5173087
5278012
5363701
5384872
5307949
5203655
5190414
5256901
5329154
5299064
5190618
5161780
5195931
5269712
5327474
5297794
5279963
5281371
5274621
5236146
5195205
5158621
5139388
5089014
5083345
5053595
5027621
4955608
4887161
4895060
4937042
4931496
4867349
4771954
4736615
4722476
4780265
4764701
4691025
4680884
4726645
4779577
4793325
4780966
4750826
4737807
4725424
4698775
4694917
4712997
4669211
4592922
4533455
4582286
4649957
4638939
4580961
4557367
4600677
4650887
4610084
4550862
4519802
4543779
4580660
4554443
4525826
4471147
4471118
4467744
4447882
4425639
4384676
4387950
4382561
4385997
4388954
4392066
4426911
4400580
4381359
4366387
4405085
4435452
4429673
4435159
4451362
4486152
4493911
4482709
4507772
4578781
4596664
4510835
4421097
4397327
4448035
4484951
4481086
4426645
4361005
4342004
4346088
4361537
4320558
4297446
4296242
4360926
4418087
4404546
4355783
4319512
4327357
4369391
4402634
4378922
4377453
4390216
4390461
4378162
4367604
4415330
4456394
4501743
4542150
4556690
4562397
4581069
4551920
4486133
4455946
4484316
4519555
4486247
4453697
4441192
4437623
4428421
4366646
4321809
4303034
4316396
4318524
4279487
4288954
4332127
4421774
4402946
4294457
4247950
4328020
4417660
4412367
4354696
4264317
4236495
4316212
4365025
4389725
4343652
4323443
4373977
4406734
4397269
4347681
4345016
4369373
4412727
4425203
4399747
4407083
4477409
4502883
4465506
4402983
4411387
4487113
4566529
4564087
4505978
4507065
4579544
4653942
4620736
4541055
4496911
4552377
4664387
4675149
4591463
4540692
4562094
4645190
4698499
4693733
4648390
4679208
4752229
4831711
4829974
4762286
4710519
4700926
4738585
4813304
4876626
4885170
4806605
4703761
4648996
4664573
4721535
4789064
4789385
4735052
4673096
4673339
4747277
4803274
4768358
4673115
4637113
4701545
4798114
4846027
4780690
4731020
4723343
4740666
4768580
4778726
4753744
4724719
4731364
4743756
4749619
4747666
4728851
4759362
4816779
4814950
4805523
4802642
4834125
4874160
4883689
4853315
4807770
4814893
4865185
4912903
4919992
4853968
4791362
4794144
4845926
4875719
4858555
4846978
4856292
4872948
4889116
4854230
4803752
4790564
4859658
4968299
5036522
5020513
4926529
4848764
4834452
4883496
4915254
4908727
4917329
4895011
4890873
4902414
4864887
4839728
4797232
4766639
4759916
4759552
4806825
4850452
4839699
4780847
4708874
4681159
4710053
4785401
4838248
4844988
4816712
4747432
4730787
4794652
4878745
4905260
4839103
4755982
4722669
4773304
4862278
4892888
4814028
4715387
4683295
4752251
4902494
4987996
4897752
4757948
4672785
4695569
4785117
4856898
4862090
4831006
4807824
4820693
4843842
4851560
4840631
4801598
4783594
4773226
4813490
4863705
4875871
4828182
4783869
4759073
4755001
4754634
4767090
4811934
4831434
4799036
4747339
4698109
4654323
4634857
4652613
4690345
4690015
4687986
4717596
4700102
4674777
4607715
4536233
4520899
4569979
4677305
4737437
4680643
4592524
4522775
4541875
4592176
4634333
4670518
4677121
4674058
4651729
4646984
4684635
4720835
4668622
4628200
4623292
4648179
4704631
4687489
4617618
4526511
4460012
4466961
4522561
4542315
4493874
4426764
4372579
4376036
4418442
4409482
4386954
4336042
4293797
4305204
4363054
4398817
4384652
4334123
4265327
4212665
4218426
4285969
4347647
4350082
4297360
4226217
4182730
4181622
4196301
4194513
4153249
4105284
4105692
4140208
4184932
4199154
4228488
4202083
4134759
4130170
4147105
4173094
4201636
4202439
4148170
4101406
4102350
4142223
4181296
4206582
4209016
4162632
4125835
4143096
4165716
4184686
4190144
4173217
4133515
4078628
4072944
4106096
4124965
4111308
4052510
3956855
3915397
3941162
3988184
3986760
3933667
3872445
3834496
3829325
3845858
3862299
3828200
3771837
3759054
3733892
3720072
3703589
3698154
3702613
3690730
3697949
3693028
3672733
3641456
3604078
3616310
3601962
3621142
3620467
3615154
3616692
3608992
3594138
3555201
3553489
3534713
3530173
3506786
3488105
3484820
3438560
3423810
3392391
3404321
3396703
3407525
3389826
3367516
3370686
3359848
3354738
3315418
3327833
3319370
3323999
3311144
3290641
3262562
3250733
3257744
3247315
3264796
3248848
3227564
3208533
3224428
3228774
3233842
3250243
3200788
3165555
3143230
3180544
3187652
3189272
3153106
3113882
3064874
3049897
3057395
3086943
3078876
3061174
3021806
3005321
2979793
2983164
2966824
2945534
2908138
2898134
2865117
2859566
2842217
2839242
2819577
2834351
2800022
2785428
2761952
2741173
2746892
2731441
2731864
2724296
2722262
2668269
2659969
2655745
2662890
2661810
2624105
2632205
2600519
2570300
2555089
2533804
2544123
2504989
2478776
2468790
2436073
2430962
2422881
2394916
2388660
2351448
2325120
2307224
2274893
2288859
2296492
2274112
2238339
2206491
2175913
2177277
2154121
2140297
2141648
2132363
2111846
2116129
2090850
2074481
2080697
2062764
2038327
2031088
2028717
2022904
2000192
1977059
1948023
1922210
1922855
1930508
1919823
1926345
1921592
1895216
1849525
1830894
1835593
1836757
1831827
1823217
1807190
1776733
1740572
1723500
1727538
1744779
1744819
1719059
1687632
1669550
1668987
1677829
1677159
1672041
1660402
1639878
1608146
1584674
1576563
1591051
1599857
1590792
1575082
1544220
1518612
1504074
1516085
1525419
1520158
1496822
1467057
1440528
1427745
1425997
1433824
1441191
1431468
1422522
1406579
1387833
1384668
1385623
1393403
1390777
1373073
1352554
1332499
1319171
1315540
1327972
1323653
1316244
1301254
1286706
1275265
1266711
1262788
1258924
1250218
1239639
1241832
1244015
1231122
1227442
1207820
1190968
1182725
1167581
1159462
1159757
1162621
1160495
1154683
1140201
1121531
1106402
1084624
1074628
1087609
1102559
1102828
1089374
1064073
1040161
1027875
1022812
1025032
1025792
1028208
1021320
1006505
987217.8
975148.8
963741.5
956396.3
957960
956227.8
953535.5
951080.8
933556.5
923871.8
919176.5
918591
918867.5
914144.3
908387
896654
891041
877230.8
872205.3
869048
862914.3
856437.3
854760.3
846022.3
833310.3
826552.3
811259.3
812494.8
805970.3
799089.3
795820.8
783924.8
781855.8
775673.5
769192.8
761922.3
752906.3
748691.8
736096
741625.3
733613.5
734346.3
721606.5
717262.5
704628
704906.5
691876
689135.8
678371.3
679382.5
669048.5
675264.5
674979
674523.5
668602.5
653228.3
646163.8
637176.5
636879
637170.3
629410.5
627014.8
619436
617496.8
616960.8
604599
601542.3
597287.8
589452.3
580319.3
582434
576412.3
571511.3
568477.8
563682
552120.5
540914
539774.5
540845
541927.8
532435.5
529731.3
526445
523257.8
511450.3
505808.5
501388.8
496013.5
494874.8
490484.8
485643.8
481233.3
476803
472341.5
468894.8
462345
456352.3
451162.8
447788
443213.8
438425.5
436771.3
431464.5
428844.3
426470.8
420021.5
414142.3
408780.8
403734.3
398173
393217.8
386098.8
386200.8
381793.8
376576.5
368758.3
363926.3
358370.8
356932.3
353879.8
351711.8
350834.3
346311.8
341506.3
337431.8
326977.3
321422.3
318422.5
314964.5
