164764.5
165053
82668.75
78770.75
77873.25
74436.75
71543.75
76712.75
81379.75
87292.25
97938
101436.5
96550.25
92065.5
97423
110778
112003.8
108268.5
104096
114771.8
124084.8
127717
127972.8
128290.3
130151.3
134761.8
153181.5
174205.5
174472.5
163374.8
164636
191025.5
220012.8
226113.8
216524.8
206077.5
201280.3
206931
223829
241694.8
251242.3
242900
243557.8
253383.3
273574.8
288713
295958.3
299755.3
298187.8
305170.3
317814.8
328691.8
332296
335903.3
349693
369461.3
385539
387904.8
399129.8
413695.8
420820.3
434960.3
454202
477561.3
464735.5
452273.3
454599
475092.8
501554.5
501232.3
516610
534193.3
556941
554256.8
565494.8
631638.3
692194.5
708680.3
688439.3
721489.3
801542.8
825490.8
806910
792378.8
841339.5
860501.8
848463.8
866219.5
895238
920687.8
910093.5
928408.5
1027556
1092252
1046687
987017
1018166
1086310
1081001
1014846
1023972
1056040
1069183
1050643
1086894
1186888
1181143
1113617
1079297
1163906
1309067
1354858
1293108
1263206
1312914
1327183
1327412
1327436
1337387
1357082
1332650
1358761
1416821
1506350
1495326
1439645
1453961
1545030
1594988
1509104
1441832
1450265
1501749
1539655
1533160
1547228
1569200
1574323
1557652
1589337
1580340
1555720
1509831
1495047
1559707
1600276
1634005
1635083
1691770
1750617
1736991
1744059
1762023
1790028
1800856
1749691
1757773
1837360
1959179
1984763
1973461
2000385
2005124
2011848
1952027
1971168
2076912
2062268
2067912
2039830
2094209
2194378
2192295
2150116
2069620
2139498
2273262
2354238
2278472
2132768
2138389
2230247
2347987
2381299
2287277
2162078
2120363
2262010
2441185
2458918
2407427
2265618
2144461
2170479
2308248
2395841
2394164
2273925
2154875
2180190
2289993
2364150
2297884
2168970
2166788
2228071
2302804
2332482
2292330
2285923
2291615
2295813
2259718
2219729
2195521
2174860
2123058
2116913
2100491
2060237
1987748
1921205
1941004
1996314
1985056
1908533
1830750
1816831
1846484
1903321
1867289
1796469
1779664
1836373
1878833
1889725
1882126
1865790
1853723
1845148
1821355
1845581
1863661
1818447
1748346
1720295
1784358
1856789
1821495
1744953
1741351
1810365
1866287
1825484
1773402
1754718
1806779
1840328
1812207
1776450
1720819
1727454
1727412
1716118
1701967
1674808
1697598
1693161
1674225
1659570
1666966
1708475
1691188
1679583
1672703
1726633
1766520
1753125
1768607
1790522
1835308
1845447
1822345
1855976
1927937
1932492
1836667
1739789
1726015
1785767
1828871
1818342
1749621
1689693
1688304
1712856
1733065
1684946
1645650
1654918
1724838
1767243
1740850
1689231
1659624
1677465
1727591
1753694
1732838
1744697
1756032
1753897
1734934
1724376
1775434
1823638
1863275
1895114
1897754
1907745
1927369
1898220
1840525
1818430
1845372
1872995
1833499
1794285
1782256
1790111
1786621
1727702
1691433
1683130
1701252
1686244
1638163
1642870
1695563
1781402
1736870
1621717
1584254
1677176
1780144
1758667
1681004
1580629
1584699
1668224
1700377
1706989
1648064
1628331
1684101
1706862
1696921
1637337
1635624
1676165
1725231
1728187
1687975
1700071
1768969
1778735
1720414
1656939
1689619
1775817
1845237
1824707
1746606
1763401
1833976
1889334
1829472
1734559
1709931
1787769
1909299
1904353
1793535
1721820
1746554
1842978
1887719
1856773
1806670
1838916
1922885
1992371
1977782
1909618
1860231
1866346
1912573
1986816
2034430
2023934
1934421
1836813
1783000
1807621
1874579
1936872
1921009
1855728
1789012
1799251
1872237
1915382
1867138
1777607
1755409
1829837
1925454
1937191
1853290
1789816
1782615
1818502
1854032
1856562
1825868
1795415
1810152
1825400
1825075
1819790
1807163
1834342
1893663
1878982
1869555
1865246
1894349
1954852
1964857
1918775
1879418
1897489
1953017
2004067
1985928
1891344
1840638
1867220
1933282
1959743
1926871
1915294
1928892
1951736
1962668
1913502
1856360
1863164
1953202
2061843
2111026
2064077
1964857
1898516
1908004
1970852
2001658
1984659
1987073
1967611
1975373
1988818
1949387
1928036
1887920
1856851
1850604
1859760
1914649
1950660
1937527
1869155
1796230
1775655
1817877
1905125
1955592
1947576
1890740
1822888
1830995
1918660
2004181
2008800
1923603
1855714
1842869
1913972
2001518
2014992
1927564
1831303
1807779
1901487
2063154
2129140
2013192
1866248
1802981
1843853
1944825
2008038
2004186
1970246
1957060
1971357
1989746
2012220
2003671
1957974
1940922
1944834
2002710
2064825
2065567
1998838
1950241
1931157
1948505
1965750
1966782
1999726
2011134
1981592
1938463
1884473
1861631
1862157
1873725
1908125
1888755
1894818
1938708
1922166
1898269
1825971
1763057
1769619
1823935
1936497
1968545
1906039
1825536
1771495
1800115
1859936
1907805
1941610
1934885
1926586
1908541
1907604
1950015
1970507
1919722
1895960
1907236
1953067
1993335
1949061
1869194
1794747
1755856
1782797
1851725
1856723
1790670
1724512
1673183
1689968
1736658
1722938
1700410
1649974
1615821
1639128
1687458
1722269
1714768
1659479
1589255
1554205
1579958
1650357
1705847
1693050
1622240
1553477
1535694
1554102
1587345
1599837
1566189
1523460
1507208
1526016
1571216
1587342
1608584
1588367
1537703
1534066
1547669
1583178
1633616
1632991
1580150
1537194
1539566
1572299
1613276
1643322
1648612
1606036
1588279
1615060
1633396
1655698
1668296
1650893
1617379
1568204
1572040
1614712
1634533
1625160
1556842
1480703
1458285
1493094
1546304
1551068
1489407
1425329
1391664
1401725
1431110
1447075
1421544
1388981
1374770
1360556
1351020
1344057
1346714
1343557
1334530
1336989
1339208
1338429
1318576
1307854
1314374
1314782
1330154
1326623
1335114
1343792
1344660
1335042
1314193
1305341
1297037
1307729
1295290
1295173
1296172
1281328
1273242
1252771
1248993
1242327
1251245
1244018
1249316
1247726
1240220
1223210
1203882
1211061
1219734
1238643
1234832
1218137
1191962
1192985
1201424
1215271
1229420
1217280
1205516
1190293
1209044
1229574
1248922
1248663
1211584
1184443
1189250
1216568
1227008
1240052
1211502
1179418
1150878
1148753
1158631
1186751
1188204
1180022
1146842
1139877
1128629
1133428
1121848
1108174
1079346
1076958
1069645
1076946
1071497
1066618
1065517
1074103
1058338
1051360
1045972
1037093
1047572
1045449
1048728
1046396
1040078
1012741
1007773
1019257
1028782
1030558
1016177
1023325
1010203
987599.5
985717
975856.3
980462.8
973697
950816.3
947017.8
934769.3
933466
938713.3
923600.3
920199.8
901552.3
881412
869704.3
858792.5
870379.3
894196
887524.3
859367
840370.8
816933.3
813060.8
808945.3
804640.8
810275.8
811462.5
800465.8
798560.5
789466
785472.8
786453.3
782323.8
775499.3
769687.8
770173.3
774831.8
763543.5
746599.3
732319.3
715550.3
718098.8
733368
741722.8
750625.3
743492
724255.5
701413.3
688017.5
687480.8
701496.8
709895
706996.8
694302.3
667176.8
647675.8
642027.8
647970.3
666638.5
672391.3
663290.8
646620.3
629014
624166.8
636817
647570.8
652449
653185.8
638850
617114
604590
605523.3
621438.5
632148.5
632603.5
618798.3
594123.8
576608.3
577778.3
596929.3
608166.8
608141.8
593373.5
571700.8
558976.3
555236.8
553489
561316.3
570110.5
564671.8
563341.8
553587
543409.3
547384.3
555002.8
562782.8
563488.8
550069.3
534309.5
523775.3
519490.8
526332.3
540668.3
542060.8
542267.8
531562
516537.8
512712.5
506063.3
506423.5
508272.3
505277.8
504695.3
514027.8
511451
508554.3
502494.3
491916
479348.3
473484.8
469765.3
466882.3
470984.8
476704.5
478386.8
473527.3
460473.3
446086.8
433813.5
422508
423460
435965
453294.8
457848.3
448201.8
427660.8
406128.8
401458.8
401155.8
408136.3
415084.3
420355.8
414419.8
406269.3
388409.8
380148.8
376357.5
375676.3
376764
379315.8
378051.5
377024.8
368068.5
357907.8
357972.5
364051
366231.5
366744.3
361463
354966
347925
339826.8
336705.3
338784
338838.3
339977.3
339728.3
334798.3
325418.3
320564.3
312887.3
310790.8
308550.3
306429.3
305064.8
302688.8
300619.8
295389.5
291764.8
286874.3
283570.3
279355.8
278660
279905.3
279509.5
279766.3
274642.5
269822.5
264804
264606.5
260620
258355.8
255207.3
254314.5
252548.5
254004.5
256575
254691.5
253530.5
247200.3
244895.8
240668.5
241323
243994.3
238614.5
237646.8
236732
236696.8
237588.8
231891
230262.3
227911.8
223408.3
219511.3
219246
222744.3
221175.3
219093.8
219534
215112.5
209142
205622.5
205741
208727.8
206375.5
207955.3
208953
204813.8
200622.3
196408.5
194844.8
192325.5
190234.8
190128.8
189095.8
187065.3
185015
185313.5
182342.8
179601
177416.3
175082.8
172660
170941.8
171389.5
172591.3
168712.5
166568.3
166098.8
162029.5
158054.3
156976.8
155262.3
151605
151409.8
149526.8
150580.8
146173.8
143336.5
140754.3
139730.3
139886.8
138924.3
138727.8
137987.8
137586.3
135443.8
133018.3
130371.8
126105.3
125310.3
122786.5
123136.5
