172856.5
172669
129316.8
128274.8
141657.3
141552.8
137231.8
128120.8
134215.8
149648.3
166006
160460.5
147006.3
144425.5
147879
164566
171979.8
166340.5
157408
161895.8
179776.8
208637
223172.8
212542.3
204407.3
217109.8
247429.5
270833.5
268244.5
254290.8
253648
269089.5
297124.8
318457.8
335524.8
332217.5
296956.3
277855
315697
366406.8
373574.3
350952
356845.8
388567.3
391146.8
380581
398774.3
441127.3
432895.8
398942.3
408730.8
459591.8
487948
459663.3
453461
498933.3
545951
528800.8
494805.8
503659.8
514592.3
542060.3
573678
630357.3
651803.5
599357.3
559795
591712.8
687670.5
714956.3
691778
700793.3
723541
757508.8
799686.8
927710.3
1010639
950964.3
868367.3
929501.3
1117607
1172019
1108694
1091307
1179776
1194654
1153580
1208940
1279370
1272928
1236630
1355381
1631600
1677256
1449859
1345445
1437998
1588014
1520349
1398502
1488548
1539180
1482827
1372895
1501966
1781412
1756627
1536305
1476757
1616582
1777451
1752318
1775296
1946266
1973602
1753203
1622532
1782016
1969039
1989210
1791990
1746701
1927569
2129434
2116982
2002277
1989461
2053874
1986736
1874196
1903076
2077157
2058193
1919027
2002972
2270748
2446944
2255003
1994144
2011549
2185812
2341596
2316175
2247127
2174699
2022488
2068593
2258643
2533338
2649305
2481455
2363335
2401291
2623504
2853292
2812123
2675025
2529464
2527999
2585951
2626533
2736757
2662956
2571624
2461823
2435744
2582424
2597768
2624356
2669102
2701109
2830314
2903439
2925044
2880724
2805422
2834942
2958282
3009132
2915312
2712445
2620567
2738783
2921559
2996517
2882266
2899099
2990290
2986205
2963478
3051455
3311390
3314469
3121051
3037480
3086517
3302372
3264005
2964075
2765670
2732673
2817302
2741040
2574998
2705620
2780707
2701216
2621890
2751670
3160811
3277411
2996485
2654322
2729049
3113249
3168272
2773750
2443925
2519847
2785185
2723644
2339133
2177576
2337130
2400604
2238401
2023530
2057211
2277264
2333149
2190017
2118721
2340868
2695077
2732777
2432841
2179150
2239926
2472999
2597704
2332579
2099765
2192101
2224951
2123910
1979239
2039018
2269957
2258939
2086721
2017431
2169269
2399407
2404300
2249878
2183118
2349895
2521008
2545723
2383826
2252987
2295798
2344784
2354434
2179871
2047040
2110290
2133461
2095009
1954690
1910202
2124023
2315700
2330751
2097771
2015565
2161124
2421905
2494983
2264618
2129000
2179123
2458281
2604248
2419645
2202384
2124647
2196273
2279603
2221307
2242039
2350510
2268937
2054785
1917736
1997028
2201925
2168086
2012646
1939090
2128486
2376999
2383450
2226159
2124200
2199161
2399703
2458650
2373534
2375873
2378164
2316053
2175710
2155632
2304270
2411974
2395443
2263538
2337102
2534637
2650889
2543676
2324617
2352502
2587456
2627931
2447539
2268857
2306332
2476503
2537273
2308898
2098889
2145802
2288160
2351692
2192703
2072698
2315791
2676758
2679350
2331433
2015034
2179356
2494144
2583575
2361208
2085189
2194455
2413164
2550989
2493817
2334456
2458951
2555181
2589842
2487557
2326109
2444348
2594845
2600119
2483599
2446243
2572103
2701453
2638867
2398714
2278595
2391719
2561217
2764869
2733391
2656718
2673989
2672688
2769934
2723876
2662283
2697155
2774041
2921751
2977257
2984963
2875644
2733778
2702634
2819727
3057245
3116146
3050336
3023873
3171899
3417682
3434722
3181607
2961146
3025461
3350556
3662350
3696122
3467141
3328121
3294776
3247045
3212139
3243968
3434213
3644060
3610664
3356247
3196469
3459050
3777326
3840115
3513753
3155973
3340602
3799303
4085730
3825668
3172059
2916634
3240144
3720102
3799840
3336227
2882104
2819288
3108371
3390590
3306087
3054330
2976563
3164182
3475579
3472698
3238573
3142948
3232445
3487671
3678222
3618229
3421477
3442063
3606708
3726800
3746542
3595100
3549302
3612891
3867999
4069194
3968552
3789096
3557268
3633766
3871268
3965656
4118526
4184327
4284442
4430749
4392933
4161420
3991456
4112852
4285506
4490323
4628873
4487555
4442957
4455926
4478375
4624100
4487832
4414875
4408152
4438728
4694013
4829984
4768775
4451455
4159570
4233243
4533457
4907733
5058160
4898300
4556816
4276192
4313811
4461452
4673589
4750084
4588727
4398982
4307121
4544348
4825626
4870992
4641240
4197499
4076395
4329087
4700670
5038928
5001044
4603724
4149661
3902077
4061121
4305214
4483670
4521130
4351340
4178569
4003702
3968104
4075223
4147574
4174790
4076362
4039990
4104961
4237079
4360274
4329765
4079821
3802525
3735518
3886966
4127446
4178838
3931288
3625407
3398153
3401015
3523397
3544961
3607445
3516199
3444674
3566628
3570554
3563793
3416287
3158213
3162395
3340947
3602021
3647873
3366407
3155004
3046223
3069607
3185120
3275353
3374370
3342893
3210834
3147093
3216604
3411811
3537975
3310118
3110712
3157212
3292055
3547951
3703597
3563278
3272727
3034868
3085133
3410149
3715027
3829378
3573296
3194955
3118920
3331258
3596474
3658198
3482098
3218037
3116632
3309190
3646261
3802504
3516831
3092939
2905569
2992250
3255905
3447055
3420454
3142108
2871521
2859450
2945926
3025817
2964529
2701925
2553524
2575352
2690788
2753600
2750210
2736228
2634139
2600135
2629342
2612481
2677502
2738412
2675907
2628778
2636754
2596762
2576659
2655240
2727174
2749124
2671324
2500771
2387132
2419748
2568190
2709308
2700949
2557955
2395968
2331260
2427720
2618425
2702348
2573102
2311799
2138489
2238034
2469744
2530676
2413323
2244049
2158500
2195693
2287910
2394791
2407816
2297189
2214910
2146432
2133088
2146593
2127830
2149425
2182286
2165229
2130320
2070993
2034480
2107534
2219726
2253454
2296910
2221503
2142886
2157276
2261912
2446502
2502289
2440601
2317105
2184997
2172082
2326665
2585656
2661252
2449438
2159551
2076757
2167195
2408877
2569202
2450740
2264462
2104160
2085722
2193486
2315381
2263602
2078307
1936456
1955937
2074942
2190681
2163896
1936411
1751116
1705656
1838120
1987117
2012532
1860750
1638766
1549495
1589528
1696619
1764258
1748736
1612568
1495188
1480442
1605914
1715890
1713289
1592743
1465687
1416684
1480378
1599042
1718217
1712681
1603240
1458380
1410910
1484422
1643874
1766985
1743822
1584625
1428378
1384437
1508215
1628586
1654452
1571000
1436933
1356496
1425773
1610884
1736120
1725994
1543481
1396665
1337225
1358174
1413738
1475517
1513129
1444791
1339364
1297021
1329048
1380303
1385913
1373028
1322582
1272253
1248578
1245257
1270604
1279580
1237608
1194144
1150544
1122021
1148839
1175988
1178836
1164483
1135491
1118241
1110085
1081693
1061681
1043516
1034231
1023710
1013713
1003666
1010145
1009697
971771.8
936387.3
928671.8
931061.3
956187.8
977743.5
958895.3
920815.3
877866.3
850426.8
849036
861674.8
895329.3
923420
896091.5
848497.3
820345.5
818856.8
841440.8
866499
894540.8
895650.3
849484.8
796663.8
769595.8
793150.3
847518.5
887067.3
887486.8
848920.3
798946
772202.8
781521
825118.8
876645
887853.8
869234
825602
774998
755939.3
780422.5
822072.5
863463.5
853466.3
794519.8
736544.3
698206.3
699745.3
719550.8
726665.8
734269.5
719260.8
694636.3
689944.8
674869
674128.3
682446.5
671771.8
673773.8
684487
672405.3
666384.3
665910.8
660838.8
655356.8
642413.3
621417.5
618975.3
629446.8
649140.3
669664.3
659632.8
640799.8
622478
609833.8
616956.5
628395.3
634467.5
622988.3
606189.8
597515.3
606847.8
610935
609466.3
599598.3
583308
565504.3
552500.8
549733.3
547326.3
551904.8
557624.5
552166.8
542071.3
533301.3
527006.8
528537.5
506284
484388
490705
500894.8
515444.3
523409.8
520480.8
510372.8
490470.8
466367.8
451928.3
450784.3
464623.8
478203.8
483857.3
475993.8
454404.8
431097.5
418992.3
415796
418347.8
429935.5
435572.8
429472.5
414551.8
402240.5
403559
403835.5
407680.3
406207
403994
401713
395042.8
379069.3
375912
375014.3
371869.3
373048.3
367642.3
355882.3
347220.3
338591.3
340302.8
347582.3
343081.3
341240.8
332676.8
320611.8
316809.5
320324.8
323050.3
321174.3
322195.8
312932
310845.3
304737.5
303090.3
298442.5
303142.5
309548
312206.5
302508
295007.8
283767.3
280494.5
276824.5
284944.5
291799
297055.5
293514.5
284804.3
277263.8
268752.5
265123
265414.3
265746.5
267634.8
261960
257164.8
252820.8
244743
239782.3
241239.8
234832.3
231887.3
233050
230836.3
230695.3
227185.8
223342
218920.5
215330
214190.5
216689
214915.8
210659.5
213667.3
215141
210525.8
208238.3
204024.5
201508.8
201369.5
198802.8
197744.8
199091.8
200393.3
201199
198165.5
195194.8
188169
185508.3
185078.8
184084
181889.8
178529.5
177351.3
175852.5
176088.3
172762.8
169645.5
164242.3
161260.8
160498.3
158269
157121.8
156190.8
157720.8
156645.8
151904.5
146942.3
141158.3
140838.8
141780.3
145867.8
146079.8
147582.3
145915.8
143014.3
136083.8
131341.3
130070.3
129450.5
126944.5
