488920.5
489685
255932.8
205862.8
189733.3
158688.8
134851.8
135736.8
143259.8
174400.3
228362
259944.5
275526.3
317689.5
381595
446358
479951.8
498112.5
500604
500331.8
535824.8
592293
583980.8
515754.3
450975.3
405129.8
350245.5
313673.5
302040.5
297130.8
300772
357625.5
446112.8
476965.8
495460.8
577357.5
648244.3
692927
826445
1026143
1115658
1075900
1121778
1171111
1037555
937025
977590.3
992811.3
860819.8
761178.3
754306.8
660463.8
561252
616267.3
706693
768349.3
960547
1118089
1135978
1204332
1397572
1603540
1720362
1871765
1960328
1780789
1549875
1483261
1466883
1399444
1367222
1316737
1135281
971232.8
948674.8
991494.3
1113455
1355564
1599503
1962421
2445647
2730919
2774218
2911055
3252280
3407102
3360316
3478984
3523234
3153128
2727938
2649625
2607876
2251312
1870643
1688165
1544146
1534226
1672669
1705522
1781764
2218908
2676159
2818507
3283158
4086204
4564075
4429909
4363697
4654414
4788627
4522638
4582744
4787510
4404058
3663867
3240456
2856348
2308427
1987782
2053790
2205565
2426893
3059062
3533082
3608777
3959625
4583338
5062172
5310440
5555900
5897057
5985193
5400491
5158852
5167684
4919288
4407475
3836740
3239629
2606596
2228784
2175755
2267595
2445067
2997812
3777909
4415875
4989974
5468177
5804411
6088987
6384459
6673788
6919760
7108499
7190837
6848688
5887131
4977375
4253501
3791097
3526420
3290384
3092047
3095004
3181708
3242748
3513048
3923362
4614629
5314558
5857495
6274180
6599236
6839998
7030406
7182782
7279804
7247864
6862213
6252923
5678083
4816039
4021345
3690514
3524087
3513890
3684021
3882158
4059623
4252442
4641081
5231159
5775908
6230973
6604384
6885413
7093851
7212462
7101401
6480598
5695096
5535242
5740120
5544839
4833696
4401178
3799822
3126539
3017039
3407273
3773398
4065181
4670721
5355016
5817770
5912537
6210275
6551297
6817720
6823053
6527740
6461670
5902060
4761201
4499206
4646651
4432116
3874437
3421429
3166873
2882556
3037797
3930393
4771429
5313610
5709490
6128679
6483768
6647043
6275713
6218109
6212403
5727230
5239839
5397674
5595293
4999747
3908373
3510167
3549669
3408051
3070224
3215682
3694418
4012087
4295060
4870031
5434034
5775863
5896738
6120416
6360450
6158279
5496136
5426582
5490689
5106185
4345162
4294486
4605411
4090704
3122815
2964567
3170341
3131688
3217301
3894899
4655566
5010704
5011323
5493257
5963856
6093889
5656240
5668943
5941441
5951943
5425739
5389351
5509246
4874085
3862157
3562792
3637800
3565665
3246702
3249770
3386606
3416542
3706467
4210338
4633767
4898328
5241277
5720279
6096242
6153450
6101525
6078112
5807989
5319690
5068752
5075542
4741518
4117135
3848618
3790330
3563749
3308721
3365728
3584589
3731950
4034020
4673303
5297351
5707005
5905368
6116475
6338133
6238754
5705541
5647734
5750108
5461876
4703603
4104266
3852795
3628282
3042538
2743173
2996546
3433616
3898820
4340015
4539860
4482325
4588259
5071148
5623569
6023833
6231468
6452591
6616889
6602046
6213209
5804241
5866788
5897809
5433747
4697475
4286935
4004387
3594429
3278611
3276458
3488111
3765931
4111073
4618413
5075311
5447030
5744665
6033248
6342790
6565196
6650687
6639387
6539677
6396551
6157413
5850959
5389876
4853882
4480018
4208695
4019717
3846806
3859536
4074405
4410451
4799034
5177358
5473547
5684342
5987609
6352688
6678286
6935302
7125201
7264641
7372192
7383961
6985391
6299888
6030793
5986932
5414704
4432007
4040893
4117358
4174786
3979107
3845525
4343117
5013742
5581447
6040186
6387976
6624487
6760810
6904392
7084470
7254648
7364139
7205612
6777704
6676467
6577410
5761295
4731278
4443119
4459854
4382359
4091498
4037777
4388640
4820857
5242683
5695510
6114373
6446457
6706947
6927760
7125440
7292742
7413096
7482490
7507523
7524155
7421662
6563228
5493176
4818668
4297310
3954092
3798104
4004762
4310467
4651438
5054309
5491065
5912148
6280540
6596144
6865426
7094995
7286381
7439707
7566945
7675590
7766583
7842812
7887424
7870159
7725396
6956768
6014437
5112728
4449379
4124919
3759254
3702027
4205017
4840141
5368036
5731300
6033844
6382968
6695715
6953788
7172113
7349996
7499943
7620550
7718137
7799236
7873454
7930720
7931352
7403359
6265043
5410559
4743034
4224492
3743452
3496072
3614637
3931113
4482857
5080618
5557050
5939134
6261052
6556665
6818290
7043540
7234435
7393418
7528686
7635890
7714710
7768733
7797559
7800326
7627493
6664501
5276697
4383354
4005014
3783774
3526242
3437676
3673007
4091209
4575783
5064685
5576529
6029809
6385527
6672906
6912908
7105806
7268977
7389935
7413177
7340247
7239387
7132037
6785665
5707375
4593000
3842095
3405187
3303644
3350561
3532878
3816037
4115234
4452761
4936392
5484791
5962243
6323198
6608360
6850496
7044363
7209819
7347853
7437442
7349667
6830016
6325265
6067657
5679003
4929890
3922204
3283015
3237920
3271282
3222814
3266926
3502090
3936797
4488940
5068010
5639273
6112532
6470411
6729579
6895401
7025398
7183381
7330263
7436466
7385648
6790429
6218582
5725766
4899829
3898441
3217909
3068080
3221284
3221528
2935908
2922998
3320280
3782251
4266135
4751350
5253805
5755318
6167992
6457251
6631938
6728926
6815074
6896359
6946856
6887414
6602344
6029504
5289655
4461540
3724940
3282190
3047744
2965129
2976359
2871492
2850100
3119824
3511401
3928524
4328114
4586603
4883581
5328226
5738912
6031180
6155159
6123925
6083120
6065573
6011658
5907671
5629860
5060369
4408318
3736272
3244548
2928185
2642386
2443593
2386490
2513661
2865740
3245285
3580528
3908718
4317458
4848130
5401858
5815303
6067506
6227552
6384072
6576278
6673953
6419485
5700037
5071461
4818642
4652877
4248324
3483780
2748366
2325199
2266681
2183855
2010941
1978010
2208456
2557202
2733432
2872074
3248302
3948537
4618850
5057591
5238468
5369333
5661126
6001537
6214180
5886259
5200212
4874388
4898324
4756961
4066472
3141666
2658358
2701415
2745732
2528191
2190278
2145244
2445568
2864164
3020302
2984410
3167690
3607769
4007967
4166511
3985180
3884178
4167062
4551369
4634369
4195536
3507084
3253982
3395562
3384130
2967933
2400226
1981609
1933414
2052741
2049903
1930846
2047628
2357352
2639785
2794968
2893757
3110284
3555392
4023646
4173381
4132713
4046141
4068042
4215950
4287725
4123037
3698651
3284300
3048225
2948400
2753087
2296025
1889964
1713854
1701129
1756946
1746961
1704716
1786996
2033956
2370340
2583780
2641413
2706311
2868644
3143288
3401683
3505019
3439693
3314441
3156577
3033749
2881828
2635019
2354130
2094233
1859990
1722241
1662293
1567724
1465699
1430852
1487981
1617352
1765524
1868055
1913275
1947914
2064227
2260852
2467223
2667477
2776964
2748208
2631593
2542990
2465817
2347029
2144559
1909849
1696282
1504937
1381668
1306048
1219646
1150255
1111739
1124535
1231624
1375858
1488583
1575013
1690487
1851969
2060718
2315322
2430674
2380070
2357679
2413103
2506161
2598960
2537554
2286304
2032692
1802526
1652221
1586823
1486838
1346882
1204305
1069724
987920.8
980461
1011136
1038019
1054476
1096462
1136211
1206001
1361820
1525091
1646159
1720169
1743401
1752394
1819447
1916075
1962424
1964860
1877717
1777012
1688718
1622286
1524213
1380475
1232324
1092800
1021738
1025915
1046196
1016487
967418.3
942318.3
941260
982480.3
1050873
1098085
1146134
1225445
1294473
1356607
1424099
1463881
1485671
1486250
1414016
1334524
1308473
1306287
1303700
1284534
1218297
1112989
998838.8
917615.8
878900.3
862048.3
836855.8
798075.8
755177.3
725893.8
748096.8
808565.5
839300.3
848004
862455.8
893083.5
962980.8
1063505
1135692
1163365
1172775
1146872
1123108
1126395
1127990
1119045
1084291
1024525
972816
933362.3
913557.3
895696.3
860778.3
803798.3
742300.3
687023.3
658270.8
652698.3
664857.3
702048.8
735848.8
756627.8
770437.5
780616.8
791434.3
824306.3
874831.8
890796
900133.3
892121.5
885714.3
869166.5
891002.5
905500
904350.5
865616
812895.8
753103.3
736026.5
728072.5
724768.5
704967
672143.5
629094.5
597536.3
593327.8
590528.5
589755
572434.3
543730.5
531814.8
522808
552760.8
587448.8
596507
596306.3
594431.8
577552.3
573655.3
591002
602116.3
602927.3
593705.8
580818
548788.5
517114
511214.5
513237
516223.8
512919.5
502599.3
466945
446145.8
437670.3
444880.5
469020.8
483637.5
474882.8
462876.8
466127.8
488849.3
531067
567541.5
578374.8
554213
523944.3
507330.8
513000
536985.8
551237.5
534351.3
494772.5
452168.3
425518.8
414309.5
413666.3
417824.8
406114.3
381989
352757.8
325646.8
316704.8
319913.8
333736.5
338294.3
338222.3
339806.8
347412.3
358163.8
373131.8
392722.3
399147.8
404814.3
402643.8
394093.3
391870.3
393154.5
384460.5
