375632.5
376397
161208.8
201578.8
307305.3
364320.8
310019.8
215704.8
154683.8
156788.3
249782
357524.5
377866.3
321497.5
250219
213594
265751.8
389108.5
445864
422743.8
338760.8
237673
228884.8
347726.3
504763.3
597433.8
577773.5
464089.5
338216.5
361390.8
514972
642273.5
702676.8
609293.8
415492.8
352209.5
476408.3
660083
827397
858114.8
699158.3
503272
506785.8
707487.3
880950.8
957017
840978.3
614867.3
523811.8
647890.3
914718.8
1194536
1295244
1108927
849969
699805.3
769195
1006229
1164062
1184816
1127680
1044240
911638
1075417
1453388
1603241
1497515
1333797
1056571
952004.3
1328666
1752277
1955429
1998441
1632687
1164758
1237215
1641164
1976971
2306093
2434223
1886019
1415238
1584443
2183184
2723090
2809108
2278036
1671594
1495220
1826870
2722453
3692680
3853528
2880239
1872853
1639822
2124942
2922645
3462438
3400164
2702048
2069735
2139255
2867134
3844396
4357015
3542645
2247877
1857914
2138259
2886150
3908728
4606630
4156062
2932255
2533596
2874912
3715007
4517722
4591346
3684973
2915745
2433598
2643438
3741581
4679337
5187858
4825124
3630160
2599464
2782113
3701821
4428499
4990348
5049160
3833056
2791931
3200804
4031693
4857600
5514612
5377807
3423323
2771603
3315304
4073505
4941379
5607346
5517681
3711439
2964047
3486095
4495136
5333252
5920403
5733801
4025056
3322443
3493207
4381545
5227665
5809792
5703228
4274431
3490560
3884760
4768804
5501300
5995390
5924581
4790006
3580787
3818020
4730460
5480066
6012718
6246966
5323444
3796864
3839137
4664511
5412475
5974623
6320425
5089002
3568355
4095086
4929713
5602422
6110231
6459654
5528821
3798875
3660088
4287941
5123072
5781569
6226103
5750666
4632865
4109166
4076220
4821718
5542580
6021791
5814256
4862422
4014498
4368899
5139999
5761569
6072478
5713569
4591705
3489096
3599134
4493581
5287787
5889181
6292216
5410761
4134888
4019314
4148952
4462273
4915706
5106467
4722476
4135761
3727021
3835653
4702780
5467777
6013369
6293677
5696790
4170106
3189855
3391672
4141379
4839145
5331321
5318475
4613866
3905611
4360946
5083117
5617595
5859973
5491755
4410753
3595595
3505764
4066294
4804926
5413431
5715920
5243215
4256886
3733823
4052238
4760960
5422730
5836027
5536120
4433646
3542421
3287389
3721126
4480602
5115683
5341632
4736931
3808515
3576369
4275516
5077509
5690847
5942670
5411496
4154523
3334597
3305872
3813849
4498608
5026819
5258381
4988995
4303807
4077495
4611986
5152069
5415345
5281628
4692616
3813185
3310010
3453022
4144874
4952594
5545255
5646430
4852251
3877308
3619545
4082839
4810566
5393278
5704541
5415044
4461385
3735562
4018220
4749006
5422198
5878335
5646946
4653318
3709405
3416773
3767472
4521357
5244202
5738100
5724787
4998899
4049573
3906644
4568999
5228577
5643278
5573689
4773322
3678556
3202780
3434587
4149962
4981391
5641286
5922814
4573393
3536806
3698272
4182040
4825535
5409988
5547137
4810551
3971112
3516793
3687149
4442184
5225939
5780081
6043222
5531101
4262953
3732880
4327961
5041523
5535235
5783955
5618027
4636393
3664647
3675346
4340627
5060651
5647125
6048793
5785503
4634022
3960141
4104496
4771514
5427556
5905747
6080563
5626233
4777675
4122513
4486267
5162348
5706874
6046058
5996551
5348233
4465130
4237480
4763653
5431947
5984750
6376402
6332727
5081250
4407765
4551028
5160322
5761486
6217469
6460677
5690484
4442757
3866163
4199776
5006917
5689432
6182492
6488803
6149573
5270706
4943526
5317619
5809977
6202373
6498386
6652923
6144906
4632964
3856071
4361770
5154616
5793558
6259332
6497343
5560080
4564780
4629667
5209386
5768911
6207354
6489443
6364330
5444315
4269046
3757889
4309624
5110741
5763427
6235770
6532777
6034717
4927659
4810036
5372808
5929002
6360184
6672338
6723551
5649191
4479030
4239872
4840580
5513628
6054702
6452616
6694564
6153426
4863579
4710462
5350857
5939457
6384340
6707036
6856516
5811086
4556487
4868777
5512383
6063737
6480354
6785071
6892716
5427456
4555295
5081692
5706316
6213405
6597848
6876503
6582507
4657466
3869579
4445873
5257117
5908772
6371996
6695008
6666664
5285327
4466688
5035349
5693040
6211411
6592390
6864193
6835336
5230702
4427836
5043936
5690235
6193167
6579615
6863614
6759668
4471732
4152000
4929825
5615677
6147429
6546222
6816546
6249486
4421312
4143821
4784818
5493684
6054907
6461410
6723770
6008446
4385566
3841257
4670715
5456026
6038605
6454109
6714217
6193582
4733294
4276434
4914258
5577772
6093943
6455501
6606875
5773449
4289425
3659805
4189739
5011190
5690064
6180462
6496905
5855787
4344881
3591271
3984499
4883889
5610421
6116259
6457968
6267315
4866983
3753940
3689473
4434898
5222617
5825026
6250613
6362964
5431003
4220083
3722334
4092700
4911272
5601607
6107403
6437741
5894250
4253763
3446132
3980013
4891461
5619503
6148926
6513072
6173763
4444580
3690162
4127214
4942922
5625050
6122589
6445300
6191846
4740109
3278904
3107947
3937363
4840985
5539326
6051929
6367315
5488674
3663804
3346569
4137986
5000342
5676185
6161345
6409489
5454268
4066660
3540448
3813652
4606134
5347088
5882839
6091119
5466302
4009065
2829822
2819808
3778323
4741266
5450866
5929714
5916275
4642064
3218882
3048052
3828956
4695607
5384028
5884552
6058222
5101208
3671513
3175803
3486484
4288096
5076184
5689101
6015308
5319622
3927343
3088585
3078650
3926780
4814048
5444015
5656017
5186812
4150149
3207542
2968371
3494524
4307813
5034734
5517464
5587896
4816001
3542026
2717293
2796326
3513261
4361332
5050753
5450256
5180114
3990922
2844646
2381162
2620867
3505674
4498720
5247860
5625230
4963209
3659637
2690765
2676705
3591514
4604325
5382632
5906144
5724318
4089255
2826933
2723163
3612205
4597914
5331968
5734026
5140564
3530382
2311058
2037397
2545394
3449663
4335496
4975681
5066602
4286033
3074960
2269135
2412280
3258368
4255248
5037325
5494948
5156574
4012102
3136955
2889960
3206967
3719666
4181572
4343856
4057020
3521530
2946806
2493198
2298769
2388139
2635219
3013188
3406274
3617282
3518449
3041673
2483840
2266152
2574730
3303694
4085278
4652021
4739766
4123609
3151974
2479237
2538755
3079434
3704108
4106176
4114433
3641296
2829497
2073556
1855120
2188190
2697781
3221649
3605365
3568718
3146378
2516529
1982465
1821783
2183788
2833073
3491992
3873591
3734021
3183732
2503062
2040517
2046354
2448109
3008956
3494884
3598092
3343760
2784176
2183501
1937571
2057540
2362648
2765271
3111843
3197885
2927453
2364037
1864217
1632328
1678259
1966190
2386497
2682042
2795145
2609533
2150824
1713695
1525576
1624117
1902476
2269608
2585863
2652027
2360606
1942371
1640624
1473335
1465577
1685020
2067052
2359321
2424466
2252093
1936717
1605251
1334365
1272166
1477805
1851480
2180936
2360618
2300747
1961875
1507239
1181168
1144998
1425275
1881557
2310715
2490285
2270634
1836466
1369194
1121050
1202903
1588671
2081569
2464252
2481862
2119704
1630472
1245130
1124337
1262667
1581086
1940930
2140121
2074084
1810925
1439801
1150128
1054679
1197276
1527242
1894003
2048997
1958724
1702163
1371507
1125169
1065577
1232126
1516235
1805643
1965756
1912500
1607825
1260076
1056590
1067270
1240041
1495191
1734028
1819652
1682902
1385771
1145204
1027435
1037866
1137002
1312540
1479900
1531157
1426049
1240858
1093593
1001257
978662.8
1065671
1263009
1432359
1475778
1359752
1195056
1054765
946430.8
922424.3
1034158
1222105
1363841
1390587
1302700
1146888
975812.3
856847.8
854243.8
962237.3
1118594
1230285
1256482
1181068
1014604
846747.8
760279.5
775436.8
844544.5
948147.8
1046745
1115655
1061192
915572.3
794147
750522
748717
778698.8
876489.3
997568
1043318
986385.3
892364.3
803658.3
748582.3
721356.3
731291.3
813446.8
918782.3
987585.3
974320.8
897688.8
802323.8
724741.5
669232.8
676718.3
758142.3
860075.8
903172
896325.3
826433.5
721970.3
631642.5
606354.5
632276
716806.5
795168
832887.8
794991.3
736026.5
639060.5
572448.5
564071
616451.5
696210.5
747952.3
762307.8
716668.5
657823
602898.3
550870.5
551806.8
589924
642724.8
673128.8
667907
644382.3
612519.8
570412.3
554615.3
559586
570224.3
577223.3
573237.8
573678
575444.5
582802
584518.5
580829
569059.8
536243.5
510215.3
491221
497077.8
516210.3
549600.5
559460.8
543137.5
503918.8
460496.8
423763.8
406025.3
421111
459489.5
493646.8
508993
497764.3
459254.8
413040
378001.8
362265.5
370131.3
389576.5
420752.3
448366.8
443821.5
420806.3
390216.8
362322.3
342957
342761.8
347066.8
374300.8
406545.8
421796.5
412550.3
387250.3
356942.8
326468.3
305327.8
305539.8
333222.3
370587.8
395294.3
397883.8
377909.3
344270.3
304142.5
274028.5
