41916.5
42304
33774
29163
29441
29782.5
30854
31683
33472.5
34214
35551.5
37107
37897.5
39852
41166.5
43432
44814.5
47551
50154.5
52306
54925
56676.5
60191.5
61522.5
63224
65645.5
67128.5
69168
71227
73076.5
74676.5
77471.5
80590
83224
86433.5
89729
93650
97023
100010.5
104351
107172
111128.5
114476.5
117754
120145
123400
126667.5
129739
133534
137509.5
141773.5
145600.5
150973.5
156535
161220
165734
171277
176116.5
181010.5
185312.5
189716
193701
198945
203595
207947
212754.5
218869.5
224554
230608.5
236519.5
241901.5
248109.5
254204.5
259417
265009
272371.5
277458.5
283155
290403.5
296248.5
302380
309807
316428
324349.5
330745.5
337870.5
344474
349744.5
357949.5
363602.5
369957.5
377748
384756
392748
400414
409201.5
417383.5
425447.5
433648.5
443185
451738.5
458943
467537
474383.5
482611
488161.5
496601.5
505538.5
513422
521751.5
532486
540638
549483.5
559397.5
568214.5
577278
582855.5
592696.5
599368
606931
611464.5
619852
625796.5
635612
642445.5
652241.5
662017.5
670514
679041
689954.5
697682
703961.5
710286
714709.5
720221.5
723854.5
729456.5
736496.5
745356
752878.5
762633
772873
784938.5
794581.5
802504.5
807335
815065.5
818093
823741
824410.5
831153
835148.5
842692.5
853122.5
864603
875174
889201.5
899978
907813
913039.5
918088.5
918931
918838
921631.5
922305.5
930090
937930.5
946735.5
956384.5
973018.5
982114.5
991183.5
997060
1003308
1001921
1002542
1003008
1003005
1006716
996270
1004247
1002331
999447.5
1021349
1039849
1047291
1065347
1065251
1064506
1062412
1055123
1054385
1051823
1055765
1065878
1075227
1084258
1089704
1095938
1098187
1095918
1089747
1084232
1078412
1075637
1078817
1079469
1089373
1094970
1102045
1106464
1110444
1108717
1106900
1103030
1097508
1093666
1089155
1093676
1098121
1103432
1109683
1118178
1121962
1121380
1121307
1116506
1116216
1109217
1109066
1111829
1110220
1116932
1118755
1126599
1133291
1135104
1133935
1127219
1127692
1120112
1118077
1119657
1116765
1121382
1124788
1131467
1135611
1135925
1137109
1131692
1129472
1123441
1121242
1118036
1120717
1124427
1127819
1132776
1137104
1137087
1135499
1132503
1129248
1124774
1118285
1118419
1120870
1123428
1128774
1131089
1133583
1136018
1134660
1132927
1126752
1120814
1120626
1117938
1120948
1127242
1130616
1139145
1145292
1144506
1142630
1135163
1132988
1126893
1124498
1130137
1136991
1140904
1151073
1154280
1156394
1155549
1150418
1148778
1143823
1141545
1147970
1152695
1161659
1170905
1175742
1179023
1179751
1173219
1170530
1167431
1169894
1180344
1185082
1194178
1205789
1208416
1209672
1211135
1207271
1209131
1204106
1207238
1217322
1220887
1230788
1239955
1242418
1242682
1240701
1236479
1233509
1230308
1236390
1243899
1247413
1253996
1262890
1261880
1260614
1256375
1255036
1249037
1246831
1253536
1258538
1262258
1271526
1277837
1276235
1273839
1272265
1273479
1276271
1277944
1286776
1298707
1303027
1310438
1315044
1317745
1320100
1320505
1322924
1331306
1335434
1341996
1353285
1355452
1358822
1363961
1366791
1369994
1370206
1372678
1380127
1388489
1390726
1401314
1409949
1413364
1419666
1421752
1425218
1430425
1433706
1441789
1451990
1457104
1467344
1478349
1480207
1484796
1485887
1485581
1492736
1494645
1506571
1524555
1535898
1545655
1553538
1556756
1559839
1555173
1557104
1564724
1570404
1579975
1594930
1601908
1607687
1607916
1605036
1600795
1595728
1594367
1601211
1599743
1609854
1622850
1630292
1639739
1641271
1636944
1641338
1641384
1647589
1663524
1675073
1680823
1687253
1683242
1676661
1672252
1669179
1678092
1688604
1693488
1703518
1712767
1709786
1706064
1699010
1691981
1696504
1703924
1710027
1726655
1735772
1734330
1732748
1726065
1722635
1723534
1728043
1734196
1744718
1749856
1752506
1751215
1749723
1745784
1748626
1748921
1747862
1758125
1763071
1760666
1761560
1761192
1758135
1757973
1757345
1755298
1761330
1769795
1772405
1771390
1770007
1767271
1765819
1763349
1762257
1759761
1763012
1764512
1757628
1756460
1757732
1756483
1755083
1753090
1749147
1744520
1748077
1751338
1748660
1746349
1742032
1738126
1733977
1728469
1722080
1721571
1727055
1730425
1725883
1717966
1707126
1693301
1688752
1685900
1685496
1683443
1687247
1684856
1676710
1661461
1652343
1641218
1637990
1640806
1640343
1640276
1640368
1630020
1616447
1605627
1597187
1592585
1598365
1601498
1596892
1583823
1572060
1555973
1542039
1536715
1533148
1533571
1541406
1541805
1532225
1518127
1508990
1497769
1498471
1503178
1507500
1501704
1497911
1486784
1470331
1461884
1455188
1451775
1454658
1456832
1448511
1437579
1427367
1414616
1405624
1401042
1395182
1390638
1389191
1383819
1371417
1364092
1354515
1341493
1338081
1336825
1330933
1326377
1325372
1316267
1309424
1302210
1297916
1291983
1287396
1285067
1278218
1275574
1277297
1275558
1266426
1260959
1249733
1240968
1241197
1239769
1233364
1224269
1219127
1212477
1203804
1201024
1196177
1190918
1192834
1195593
1189194
1182749
1180122
1171607
1165906
1162088
1160984
1155535
1155158
1153017
1146039
1141943
1140949
1137082
1134144
1137655
1137701
1131845
1127118
1126042
1120820
1117973
1115553
1112275
1105604
1105508
1103652
1098521
1096158
1095106
1092010
1089132
1087418
1087155
1082679
1076764
1073095
1067967
1059420
1058733
1056667
1046129
1041011
1036808
1030377
1025857
1021905
1016338
1007624
1003214
1002006
996892.5
991666
987056.5
980872
973784.5
973866.5
973173
967468
964359
962301.5
954453
950805
949922
946744
938197.5
936490.5
934776
929109.5
924966.5
922769
915567.5
912586
915462.5
911880
905805.5
905684.5
901971
896282
894828
894021.5
887199
883624
883419.5
877472.5
872074
866768.5
861650
856325.5
856734
853195
845620
844265
839387
832331
829459.5
825518.5
814749.5
812608
814841
810328.5
807374.5
803896
795521
792450.5
793617.5
788502
783352.5
783954
782298
776211.5
774266
771597
763177
761913.5
764281.5
760402.5
757841
755226
747375
739274
737770
733991
727300
725184.5
720685.5
712114
708988.5
705066
697641
690513
692949.5
690157
685385.5
682316
674277.5
666548.5
664532
664266
661971
658507
656484.5
652127.5
645199
640213
637988
633335
628404.5
630021.5
625177.5
619381.5
615973.5
609828.5
603479
597873
597890.5
595209.5
589129
581575.5
575638.5
568388.5
563921
564488
558457.5
552118
549778.5
541004.5
533169
529052
528262.5
522129.5
516349
514885.5
509643.5
502530.5
498919.5
493672
486476
481254
479039.5
474735
470694.5
465721
459303
451037
447549.5
448501
446240.5
440670.5
436329.5
430969
424496
421121
421398.5
418521.5
417289.5
415291
411109.5
404522.5
401061.5
398625
395040
393061.5
391454.5
385992
381212
379678.5
375691.5
370678.5
369777
368545
366453
361683
357981.5
351787
346789
345080.5
345104
343749.5
339559.5
336170.5
330214.5
325540.5
323242
323806.5
321398
317312
314125.5
308179.5
304467
303349.5
301479.5
299853.5
298020
296277
292739
288558.5
285520
284418
282822.5
281715.5
281084.5
278144.5
274770
272029.5
269723.5
266174
264066
265260
263909.5
261211
258498.5
256246
252994.5
251764.5
251469
250130
248852
245147.5
243632.5
240249
237928.5
236428
237830
237282.5
234765.5
232606
229344
227355
225120.5
225594.5
227157.5
224577.5
221799.5
219079
216986
213997
212956.5
214249.5
213249.5
210504
208293
207122.5
204810
202689.5
201832
201796
201304
198765.5
195261.5
194298
192614
191262.5
190660.5
189491.5
188352.5
185978.5
184740.5
184388.5
183599
182270.5
180467.5
179172
177341
176030.5
174972.5
174380
174477
172618
171177
169258.5
167421.5
165359
164583.5
164171
164131
163136
160722.5
158553
157141
155536
154220
152610
152060
150285
148286
146455
145786
144691
143231
142551
141828.5
139632.5
137797
136759.5
135876
136423
135135.5
134711
132841.5
131123.5
130017.5
127547
126425
126420.5
125719.5
124854
122974
121337.5
119189
117050
116715.5
115247
114241.5
112817.5
111061.5
109258
108292.5
107905.5
106711.5
106482
104265.5
102903.5
100429.5
98854.5
98746.5
97860
97167
96007
93927.5
92586.5
91620.5
90808.5
90335
89620
88317.5
87012
85095.5
84578
83637
82549
82193
80026.5
78955.5
77356.5
76412
75278.5
74355.5
73699.5
72079
70316
67634.5
66883
66197.5
66011.5
65641.5
65152
63951
62716
61612.5
60908
59712.5
59237
58324
57383.5
56039.5
54209
53483.5
52262.5
52113.5
50039
49517.5
47870
47246
45870.5
44986.5
43460
42687
40530.5
