-18.21758
-26.16943
-12.52721
-0.1910172
4.619682
5.418106
4.626678
4.339317
4.461548
12.68935
0.2188339
9.757187
11.74042
10.96046
21.04261
9.99482
7.639725
19.22089
8.096428
17.98923
18.24795
21.0603
15.03082
13.98443
18.29708
17.55809
24.47754
19.36589
18.85758
13.39652
20.77621
19.83342
26.77699
26.93879
22.27388
18.89052
4.970718
14.69882
18.68103
21.18494
18.59421
3.277061
20.73005
15.46013
21.67847
15.74027
19.80037
19.49339
20.34899
21.15224
12.6598
9.846901
20.32157
18.50245
19.8524
17.45658
22.21247
5.128689
21.16332
20.16165
6.293667
15.81839
17.07811
18.35865
24.31062
26.2771
31.33678
23.89153
24.98175
13.72788
18.91582
13.16481
22.07368
20.35691
16.75628
20.86895
13.47119
10.37432
22.36791
24.37002
15.98575
15.56073
19.40158
21.99334
12.72659
21.18037
22.11218
2.819988
19.58763
23.52039
20.30366
19.78963
23.62743
21.93436
20.56998
5.377945
18.13768
20.72362
7.228252
26.01891
21.75338
5.811111
10.37508
10.83611
19.424
17.6606
7.013412
8.379879
25.01136
22.47834
13.21999
18.33709
16.78187
12.09036
16.1415
20.00493
21.64372
24.16761
20.85359
22.402
16.25779
15.55667
13.09716
12.82684
12.82522
11.1243
8.516487
-4.39172
22.4738
18.68639
22.85387
21.00886
18.12194
11.97358
21.84796
8.144501
20.35547
23.78886
20.33272
7.621735
11.46304
23.29867
20.86051
12.42129
14.92975
25.94156
14.41302
19.8954
21.99453
19.90198
12.10735
19.24044
25.5051
25.93293
18.19561
16.88203
18.26564
21.63927
15.09731
15.61327
11.22082
18.21818
11.80104
24.85307
3.825726
15.4568
19.24688
23.99244
16.20949
13.31435
20.8072
19.83963
4.515808
20.23356
21.33265
19.98985
11.61465
7.477982
17.80768
14.83524
19.18949
13.25862
10.85751
16.74443
13.85443
21.41374
19.71022
20.5041
16.58781
24.04187
11.92006
16.20789
25.91333
19.51585
19.4632
10.92621
15.84845
11.9101
19.57308
22.14071
23.38415
20.54095
25.17189
12.10794
23.98411
16.33583
15.01679
21.02057
25.43669
8.166695
17.47592
16.72555
7.805183
9.995922
13.9583
21.44445
18.17451
15.95078
16.92399
15.48701
10.39696
19.08946
16.4516
25.47036
18.43378
23.07074
15.16846
23.16238
23.46416
13.21158
23.23893
18.89809
23.36255
23.63829
16.96142
22.57145
20.29444
21.93127
12.6699
25.02777
16.94751
15.90495
12.18121
20.37609
20.77473
17.42569
25.88256
22.96609
25.03392
9.875191
22.19506
21.31286
6.380886
23.08031
15.78414
19.39943
16.42098
12.31997
13.14742
19.89697
9.825565
11.41419
11.48674
23.58528
9.842831
20.60861
16.42771
18.35854
13.01608
26.20394
3.56205
11.77888
16.42807
23.10123
16.4959
23.7848
10.49777
21.04446
2.359615
17.00339
24.50698
14.02314
24.15224
16.28123
17.92553
18.85983
14.00163
25.45835
15.07722
23.77757
18.05971
9.222084
23.6997
20.58886
11.29198
19.28534
24.25694
26.16789
17.81915
18.4186
8.485008
20.70704
21.9883
15.46559
24.09004
21.18213
18.3638
23.87701
23.99332
16.86617
19.42952
23.94576
21.61115
20.73464
23.45586
27.43692
25.94157
12.85375
25.74148
20.92705
23.75431
25.38308
24.56813
17.33847
26.82083
25.13916
19.85011
15.60777
20.51574
5.44825
12.17517
1.522003
23.6203
27.04195
8.848606
23.70048
17.82932
22.13882
16.98282
25.12442
8.581669
21.55886
21.30332
26.63515
18.26632
19.45836
13.41702
21.87073
19.75558
18.53533
15.3964
14.57006
20.27617
18.93824
19.7817
8.314526
22.19709
22.02332
22.00737
12.37898
14.93086
20.0308
19.15212
26.44069
24.22736
21.22673
18.47311
21.88915
19.57944
17.48063
21.20227
26.88404
22.47489
15.37358
23.1869
24.26023
22.67916
20.06467
15.25838
23.11083
25.26049
26.01989
22.70159
14.7337
15.5663
23.54929
17.89354
26.08009
10.48426
23.76014
25.5599
24.41867
19.14304
26.90935
29.40368
21.31242
24.06706
22.81651
22.41211
21.42173
17.17671
10.56672
21.88412
19.19877
24.93085
21.52448
21.65533
-3.000427
21.43921
26.55323
21.69886
13.80191
-4.980541
15.92908
19.14354
27.67413
21.1392
17.51374
19.79051
8.73127
25.49398
24.54534
21.99063
18.78581
22.26341
28.01342
20.91246
19.62049
22.02081
5.158833
25.60627
21.90023
26.82542
16.4437
30.05204
25.60642
26.52135
23.7679
24.14277
21.60509
22.71517
17.49572
8.776814
18.10415
21.04335
13.56119
20.5224
22.06236
23.43086
23.54567
12.95738
20.70295
19.13601
21.3012
20.58825
28.36276
22.05012
21.48415
13.16969
18.97218
19.04311
17.33977
26.45353
17.30225
17.0066
24.21166
16.69687
24.56423
22.9617
14.97747
20.18366
26.55761
22.52445
13.53092
21.72244
19.24416
23.49094
24.45895
18.81585
12.39966
25.69085
19.3612
24.21584
23.44154
18.05859
23.23933
19.10217
18.57504
14.34233
22.32911
29.90395
25.22757
18.93413
26.3728
25.37597
20.40345
26.56496
27.05721
22.11706
14.20527
13.1493
9.784958
1.497738
16.35134
20.0794
27.29246
16.83508
24.59417
19.69339
25.75921
27.5865
21.79691
