-17830.5
-16753.25
-14747.75
-20504.25
-20632.25
-20448
-20884
-21150.5
-17602
-14347.25
-12568.75
-11985.25
-9641.25
-7465.5
-5514
-3165.75
-834
-410.25
3181.5
5590.25
8381.25
13287
15568
17702.5
20145.75
21399
24964.25
29791
35465.75
40416.25
40701.25
42812.75
47006
48908.5
51208.5
58769.25
64113
65315.75
72347.25
75729.75
78352.5
85479.75
89648.25
92774.75
97858.5
105305
107243.8
112883.3
118593.5
122511
127307.3
135175.5
141293
147132
153376.3
158762.3
165065.3
167178.8
175143.3
183017.8
187851.5
193648.8
202089.8
207809.3
211915.8
219591.8
227755
233778.3
242872.3
249985.8
254060.8
258707.5
271173.8
276352.8
281546.3
293233.3
299726.8
307483.8
314445.8
321672.8
331395.5
336623.3
345338
355314
362621
373503
381544.5
387203.3
398403.5
406085.3
410434.8
416666.8
424522.5
435337.3
449312.5
452330.5
462645.8
468335
477877.3
484033
497642.3
503875
511275.8
523617.3
531999
536568.8
545607.3
560362.5
564768.8
571232.3
586032.3
594987.8
599552
608127.8
620741.3
629160.3
637564
648983.3
655262.5
661495.8
665812.3
681758.3
676186.5
696472.8
680434.3
710753.8
718555.8
716529.5
734885.5
741128.8
751145.3
756974.3
764933.5
769926.8
772430.5
792046.8
802332.3
802623.3
805957
821831.8
826347.5
829189.8
839059.5
840292.8
841853.8
846993.5
859456.5
860808.8
862616.8
878439
890184.3
891373.8
896108
893950.8
896281.3
901772.5
912947
914548.3
920073.8
924468.8
928491.8
932531.8
938280.8
947266.8
947603.3
947060.5
949615.3
955812.8
958317.5
960984.5
965944.5
970379.8
971731.3
978961.3
979019.3
976811
985653.3
993710.5
998428.3
992964.5
995442.8
998630.8
999438.8
999263
999247.8
1000934
1002102
1009441
1009353
1005017
1005593
1005393
997056.8
998798.5
999189.3
1002862
1001892
998991.8
995709.3
999961.8
995242.8
992975.5
995566.3
993979
987771.3
989278
997416.8
996713
988007
984793
980675.8
975166
975365
982373
980572.3
975623
977240.8
982326.8
979406.3
976631.5
970487.8
969911
964137
966536.5
966640.3
964866.3
961898.8
955328.3
951554.5
951167.5
949453
952784.5
958464
954980.8
942461.5
951762
943316.3
937362.5
934520.3
936245.8
931571
929439
930581.5
914187.5
915240.5
910266.8
905510
906869.5
916491.3
914048
900474.8
899430.5
902203.3
897973.5
891774.3
891373.8
892158.8
887518.3
885256.8
889438.8
880558.3
875513
882371.8
888052.8
875455.3
864363.8
874931.3
877901
875374
862453.5
859919.3
857030.3
843650
844757.8
846062.3
838040.8
830383.8
845007.3
848714.8
837298.8
829378.3
835948.8
832433
823625.3
827722.8
824482.5
818825.3
814601.8
821886.8
828596.5
823759
819246.5
822655.5
816925
813046
808978.8
809930.8
807787.8
807159.8
811085.8
810272.8
812013.8
820042.3
822397.5
816809.3
802683.5
802464.8
805668
801159
797576
794748.8
795726.3
794101.3
795789.8
800766.3
800824.8
795438.3
797963.5
801683.5
796810.3
792238.8
789715.8
786853.3
787998.5
787945.8
788240.3
790753.5
794306.8
790114.3
785847.5
788646.8
786280.8
783527
771598.3
771422.8
775228.8
773065
768913.3
772806.5
778073.8
775670
780232
782388.3
781392.5
775597.3
771015.8
776363.3
775293.5
771018.8
779657.5
784665
777038.5
771920.8
777855
785173
781139.8
773837.5
778836.8
784280
781404.5
768906.3
768693.8
779582.3
771527
772580.8
779822.3
792493.8
784639.8
774231.8
783028.5
789784.5
777305.8
769306.5
780200.3
791876.5
792418.8
773561.3
776614
787809.5
775548.3
764420.3
773771.8
787206.5
786750.3
777459.3
784193.3
792834.8
787061.3
778965.8
783509.8
786144
783095.3
778706.5
775610.5
782123.8
782375
787901.8
787540.3
785441.3
781926.8
775823.3
773349.3
779184.3
788909
786993.3
786347.3
781470.8
782250.8
779488.5
781955.8
788935.3
796239.5
791555.3
783689.8
790109.5
802628.8
801627.3
795703.5
801568.3
814997.3
818861.8
804536.3
798926
808869.8
818816.8
805878.5
798901.3
807314.5
813301.3
806842.8
793868.5
803851.8
815121
811713.3
802977.3
797216.8
802081.8
796835.5
795560.3
799288.8
803876
807038
806084.5
807014.8
808110.5
812835.8
810370
805344.8
813259.3
809697.8
807037.5
806368.3
810061.5
810795
808094.3
800706.3
795423.8
796496.5
805673.3
813852.8
813193.3
802297.5
806030.8
811920.3
809161.5
800861.5
802294.3
817086.3
823099.8
812372.5
808842.5
808936.8
816282.3
811898.5
801947.3
803485.3
806024.8
809300.8
802371.8
801015.8
811352
817717
817659
806913.3
805540
816967.8
824810
817488.8
819046.5
825708.8
830604.8
831478.8
817670.5
809612.3
812641.5
811734.8
810607.5
811880.3
819267.3
824892.8
821445.3
814534.5
817810.8
824292
827080
820046.8
814594.5
813200.8
826806.8
832234.3
829206.8
819328.3
818252.3
823393.3
823300
817019.8
817126.3
812107.8
814317
817869.3
817677
814703
811321.5
813425.5
820000
830151.3
830752.8
822512.8
819469.8
817043
825343.5
832503
820266.5
818584.3
830374.3
835752.8
833953
823826.5
823768
831820
831656.3
826173.3
825837.8
819089.3
821085.8
816260
814304.3
813231.8
814910.3
819230.3
819596.3
816299
812236.8
810299.5
808662.8
813056
809338.5
809533.8
815304.8
818277.3
810872.8
799802.8
799505.3
807995.8
816555.3
813442.3
803443.3
799134.5
806109.8
811833.3
807840.5
794622
785434.3
792218.3
796028.3
796521.8
784816.5
782868.8
790762.3
794543
785771.8
777606.5
777499.8
789311.3
789984.3
782323.8
772690.3
769734.8
781943.8
786490
781577.8
771218
766056.8
774949
781975.8
773848.5
761811.3
762361.8
767545.8
768718.5
760176.3
746797.3
747101.5
749492.5
758550.8
754975.5
747471.8
746659.8
757664.5
753971.8
740606.5
734876
736278.8
740742.8
741257.8
729609.5
716875.5
719366.5
720530.8
717490
713816.8
713227
709626.5
705128.3
705899.5
703461.3
702040.5
700323.5
700343
703174.3
701263.8
693410.8
683214.8
687592.5
696128.3
699918
691674.8
677285.3
665392.8
673444.8
680406.8
672914
661795.3
659993
669334.5
677861.8
669739.3
650416
644119.8
651675
665210
660469.5
650128.8
640659.8
634843.5
643573.8
647071.5
640744
631268.3
625978
623488.3
622091.5
619246
612357.3
609803.3
612160.8
617634.8
614192.3
605283.5
596574.3
597591.3
602333.8
597601.3
587730.5
582060.5
582289.3
585356.8
581364.5
579079.3
569894.3
567808.5
577051
586993.3
577371.3
563761.5
556789.5
562283.3
574562.5
569742.5
565315.8
553695.5
548157.8
552647
550045.8
543124.3
539198
543008.5
543747.8
539083.3
528215.8
522924.5
525096
535400
529100.8
515697.5
510544.3
514146.8
522095.3
522778.8
508488.5
496709.8
494962.8
505580
513683.5
504899.3
492223
483625
485839.8
496076.8
492016
482784.8
475694
474595.3
477761.3
482103.8
476296
468521.5
465219
467053.3
472793.8
468417.8
456724.8
445804
447557.3
457632.8
458084.8
449523
432859.3
432610.3
445152.3
456213.8
454621.8
438048.5
422349.5
423356.8
435967
444265.5
434052.5
413174.8
406868.8
414245.8
427279
431196.5
412251.8
400753
398210.3
409757.5
418092.8
414574.3
396539.8
385347.3
384771.3
393473
397852.8
388849.3
373837.5
365354.3
370560.8
380670.5
386183.5
378790.3
361468.8
355062.8
360975
372082
378130.8
364048.3
347465.3
339437.5
350788.3
361220.3
363867.3
356440.8
338270.3
329283
334644.3
344417.5
347848
333538.8
320161.3
316098.8
321555.8
332795
333222.8
321194.3
310490.5
302495.8
306530.3
309391
309177.8
304467.3
298355.3
296573.8
296765.5
298060.3
296922.8
296628.5
292413.5
288041
289336.3
289054.8
286524.3
283397
281200.8
283172.3
280461.3
276665
272864.3
269875.8
266473.3
265816
262045.8
263196.5
266574.3
262646.8
257615.5
256402.8
257279.5
258597.5
259488
258859.3
253299.3
246966.3
243694.8
245506.5
246480.8
241032.8
235747.5
232755
230860
239519.3
242684.3
235952.8
221672.8
218832.5
222471
231482.3
237248
226149.5
215840.8
207141
207407.5
214986.8
223403.5
217321.3
205001.8
198649.5
193050.8
200405.5
207865
208294.3
198658.3
189585.5
182940.3
188653.5
197446.8
196140.5
187590.8
179093.5
176248.5
180551
182825.3
180705.8
176054.3
169080.8
163517.8
164979.3
170896.8
172256.3
165117.8
158132
152332.3
154020.8
157483.8
157878.3
156549.8
151450.8
144190.3
142891
142944.8
148570.5
148753.3
145694
138499.8
132925.3
134911.8
137437.8
139467
137131.8
130771.5
126412.3
126434.8
130316
131661.8
128927
123330.3
116980.8
116039.3
119102.8
122154
121205.8
118607.8
113107.3
109303
110202.5
110569.5
105735.8
102876
100516.5
98659.5
100569.8
101205.8
97065.5
94116.75
89821.75
91416.75
97067.75
96241.5
91984.75
83430.5
78347.25
78250.25
84184
86542
83724.25
78042.5
70389
69844.5
74212.25
75995.25
76139
69659.75
65065.25
59887
62937.25
64653.25
67916.25
64103.75
60095
53959.75
50711.25
51978.25
54077
56403.25
53225.75
47505.75
45345.75
39975
42433.5
46214.25
46605.75
45067.25
43267
34725.25
30169.75
32130.5
33510
35007.75
35943.25
30447.25
25850.75
22578.25
25437.5
26666
26092.75
22192.5
18188.5
18135.75
17481.5
18336.5
18185.5
15323
14034.25
10460.25
9515.25
8782.25
10713.25
10076
8075.75
5358.25
3008.25
2339.5
986.75
2927.75
-1110.5
-2709.25
1614.25
-2414.25
-4442
-5502.5
-5588.25
-7755.5
-6951
-7676
-9346.25
-11198.25
-12836.75
-13450.25
-12447
-14967.25
-14948.25
-17088.75
-18181.75
-18251.25
-18365.5
-20194.25
-20426.75
-23255.5
-23002.25
-23005.5
-24277
-24258.25
-25254.75
-27456.75
