22153.5
21326.75
-9035.75
-16220.25
-15396.25
-13784
-14220
-12106.5
-9034
-7683.25
-7808.75
-6273.25
-3929.25
150.5
4958
5402.25
6782
10061.75
13177.5
14158.25
15997.25
20903
24612
26270.5
29189.75
32823
35912.25
37883
45461.75
50412.25
49745.25
55188.75
59858
61760.5
65964.5
73049.25
76013
79119.75
86151.25
88581.75
90728.5
97855.75
103928.3
107530.8
111186.5
119109
127235.8
129067.3
134777.5
142979
146347.3
154215.5
160333
168552
173368.3
177802.3
188865.3
192882.8
195611.3
207769.8
214983.5
216496.8
229697.8
241129.3
237619.8
243867.8
257743
261862.3
270480.3
284733.8
291664.8
291551.5
302589.8
311100.8
313438.3
322269.3
338282.8
346039.8
353477.8
364512.8
378043.5
376607.3
378658
394822
408793
415391
432952.5
446703.3
449811.5
451305.3
464698.8
466646.8
469266.5
490077.3
515476.5
510402.5
517385.8
532595
542137.3
537821
558094.3
570991
576487.8
594065.3
604827
602732.8
615103.3
634618.5
633788.8
640252.3
667904.3
675907.8
675712
687619.8
702137.3
709604.3
717056
737995.3
749034.5
750983.8
754824.3
776482.3
774718.5
787864.8
767542.3
809761.8
825655.8
817917.5
839605.5
858224.8
861101.3
865502.3
878221.5
878454.8
876198.5
919614.8
934184.3
914959.3
931621
969867.8
953439.5
949141.8
989475.5
986424.8
952761.8
983605.5
1020345
991708.8
993040.8
1051703
1053452
1019894
1052712
1076259
1038129
1046477
1095731
1090192
1066682
1086309
1113180
1092944
1101073
1133859
1134671
1129369
1138587
1150021
1144434
1138057
1148253
1162684
1162131
1163649
1172751
1196723
1194141
1188871
1216912
1224301
1202027
1201883
1221731
1210131
1194408
1221322
1236294
1208885
1214985
1245873
1248353
1224829
1240293
1245843
1216245
1209446
1238940
1239848
1228949
1241294
1242287
1220980
1217858
1230551
1224819
1229658
1260169
1266129
1244571
1243261
1256280
1241250
1239545
1246077
1228568
1220287
1244753
1253171
1248346
1266040
1271796
1246943
1241169
1257849
1244148
1220002
1249879
1269964
1224779
1225344
1269325
1262185
1237400
1270093
1274710
1235458
1221300
1271039
1252012
1212802
1244779
1284059
1230938
1200740
1258913
1241563
1170166
1197706
1268255
1227732
1175127
1249767
1277767
1182146
1168806
1269318
1242495
1137894
1178473
1265479
1191862
1126841
1231280
1291225
1174859
1137588
1246211
1247753
1150978
1163286
1247859
1191658
1098310
1149874
1204490
1137921
1113604
1212955
1225707
1130039
1111170
1177717
1161825
1102085
1130935
1169107
1129177
1094014
1142235
1170841
1127923
1125315
1169184
1155361
1100074
1107907
1157411
1131468
1091332
1129530
1165369
1126174
1110402
1163690
1188089
1123032
1094729
1145532
1165299
1104120
1092725
1154154
1187277
1123754
1107786
1149733
1168146
1106888
1094900
1149526
1147335
1101972
1089113
1151187
1173982
1122868
1109674
1162255
1159490
1128092
1129463
1156609
1135767
1097182
1105099
1126041
1106741
1084501
1106483
1141262
1128862
1115812
1138912
1158385
1126885
1102312
1123367
1132770
1102791
1102862
1145949
1154031
1116545
1111531
1154549
1176696
1132266
1114417
1158416
1177437
1124954
1085234
1118494
1136143
1111493
1090174
1144258
1191144
1151700
1101949
1118701
1165722
1166767
1138152
1155541
1192259
1166737
1120286
1118630
1131596
1125704
1125536
1144683
1163742
1140647
1145001
1156499
1166909
1133586
1140986
1187888
1189599
1119523
1105003
1163400
1208871
1143950
1106936
1171953
1222703
1152339
1089413
1144752
1247773
1201113
1115263
1131807
1223979
1208841
1118964
1116423
1230828
1268983
1172106
1130450
1201993
1274295
1222200
1154284
1174377
1246310
1238648
1183534
1160634
1211993
1243323
1215401
1168123
1167921
1207635
1215129
1201788
1180213
1206317
1236137
1232757
1204778
1171924
1163032
1176757
1206096
1230678
1232105
1220183
1219851
1240284
1227822
1196141
1205959
1245238
1260666
1214300
1193718
1221583
1246966
1200070
1150044
1190625
1243593
1207981
1162577
1191666
1270131
1241272
1155214
1172618
1300190
1333546
1217228
1154141
1235339
1319685
1238018
1139387
1197027
1334225
1289165
1152973
1144616
1257976
1306392
1202801
1164187
1252925
1352940
1293444
1185618
1195909
1308375
1345501
1257577
1206567
1245595
1294656
1249134
1182063
1191408
1247420
1279083
1240441
1211765
1234843
1280007
1282204
1232632
1224647
1266319
1315857
1295667
1254922
1274743
1331504
1316624
1228469
1201244
1280644
1337870
1254788
1159417
1203429
1342229
1351155
1204022
1129014
1237928
1391355
1319605
1181417
1187418
1373011
1443192
1295651
1171079
1259360
1444414
1412665
1260449
1199391
1337848
1441100
1352876
1246005
1254714
1351733
1346590
1266556
1258888
1338736
1389918
1302370
1231812
1272783
1383437
1384356
1283711
1262876
1363403
1480218
1426489
1291897
1252601
1367671
1474473
1424416
1309691
1305150
1440807
1541219
1450614
1291165
1269561
1401998
1478014
1395786
1271552
1273474
1419801
1495917
1411466
1301959
1310800
1417351
1456276
1377171
1300256
1343528
1447658
1470407
1393604
1314850
1340878
1408106
1405801
1361857
1344132
1368849
1408695
1403534
1369686
1342775
1330900
1336085
1338770
1323549
1319279
1331888
1360560
1373076
1365041
1333740
1318947
1323212
1323187
1311943
1306270
1340318
1359000
1336739
1300299
1291546
1338805
1369155
1321763
1271568
1276624
1335589
1349401
1284852
1259167
1285798
1358144
1350291
1245847
1203101
1259236
1362986
1356647
1234681
1168525
1211801
1324911
1337886
1223475
1137421
1153903
1280002
1329951
1236848
1120596
1094355
1210706
1290694
1265121
1144268
1058484
1114814
1220176
1266684
1180572
1068658
1070452
1144264
1211866
1155949
1057243
1051033
1102679
1138268
1110320
1052582
1054551
1105942
1111681
1054687
1013793
1031157
1096105
1102585
1021283
967830.3
1007157
1103507
1137725
1034807
947417.5
967577.5
1074459
1154331
1063831
957539.8
925451.5
1005594
1123371
1106014
988184.3
903338
934280.5
1028792
1073631
999455.8
889920.5
872100
963324
1051749
1023114
911812.3
850678.8
897659.3
993542.8
1007337
901309.8
829590.8
854964
955411.5
1010887
920623
823489
835223.8
939708.8
1009904
927368.8
808418
800655.3
895689.3
997135.8
952772
817905.5
782711
859277.3
979257.8
976785.8
845140.8
756156
802653.3
908404.8
951220.8
866975
761299.3
767714.3
853560.3
924121.8
895397.8
801712.5
755073.5
787020.8
838663
845533.5
798192.5
758750.8
772436.8
796949.8
807603
783436.5
752115.8
752993
771870.3
787225.5
775568.8
750630.3
734975.8
729019.3
738439.3
750473
736288.8
714909.3
699421.5
709978.3
744220.8
758614.5
730331.5
685810.3
658492.8
692546.8
749391
756214
696098.8
630132.3
628305.3
687869.5
749200.3
733452.3
646135.3
599200.8
630534.3
707227
760188.3
707605.5
599652
555354.8
589577.3
657866.8
692835.8
650763
573602.8
548246.3
580382.5
630935.8
642586.3
596419
548605.8
551987.3
582051.3
612161.8
608545.5
563192.3
523974.8
527012.5
552785.5
579829
581124.3
543714.8
512148.3
511877
532528.8
568296.3
568917.3
527993
491824.3
472651.8
489717.3
529044
534317.8
497864.5
467922.3
446382.8
464675.5
525818.8
544783.5
515161.5
473688
436407.3
455599.3
510194.3
519774.8
483506.5
436880.8
413344.8
436619.5
484083
481712
448483.3
420232.3
408740.8
425400.8
447312.5
433339
414266.3
407656
415597.5
429088.8
415153
385431.5
376350.8
391431.5
416289.3
421105.8
391905.5
355366.8
358437.5
392077
421542.3
412858.3
370941.5
334784.3
348113.5
381182.8
384160.5
361330.8
328557.5
321904.5
353339
381793.3
366821.8
325518.3
301884.8
306317.8
344431.3
373196.8
352660.3
307917.8
283320
290372.3
321572.8
333127.8
309722.3
282213.8
275210.8
291274.3
313299
319064.8
295178.5
275369.3
266122
273683.8
291909.3
298655.8
291661.8
279411
267555.8
262147.5
263024.3
271614.8
277400
275413.8
265063
244710.3
230268.8
236467.3
261902.8
279710
263053.8
230943.8
202595.3
207359
247290.5
275741.5
259483.8
220924
190480.5
184339.5
213381.8
246385.8
240341.5
206928.8
177405.8
172812.8
198931.8
227617.5
229072.8
199574.5
173071.3
164406.3
175576
189834
196536.3
181334.5
167493
163140.5
165604.3
163103.3
158011
151055.8
147413.3
159371
165277.3
158901.3
145980.3
135503.8
131971
139163.8
151147.3
140990.3
127857
116855.3
108441.8
115573.8
127693.8
127083
123829.5
110474.3
100393.8
103139.3
110859
113741.3
115373.8
110194.5
94914
87843.75
86875.25
85663.25
90586.75
94930.25
90173.5
79502
72264.75
70268.5
77212.5
87155.75
88405.5
79740.5
70069.5
65303
64490.25
70436.25
69015.25
60666.25
56885.25
51012
49963.75
52482.25
53940.25
47083.5
40970.75
41007.75
37445.5
43938.75
53022.25
44233.75
32686
28769.5
33443.75
40796.5
45885
40876
28257.75
17837.75
15247.25
21297.75
27537
27872.75
24083.75
15755.25
5142.25
6024.75
9242.5
12173.75
16701.25
12920.5
8413.75
5078.5
1903
1445.75
3305.25
6339.25
