19297.5
18946.75
-7131.75
-14792.25
-16824.25
-14736
-12792
-13534.5
-9034
-6255.25
-5904.75
-3893.25
-597.25
626.5
2102
6830.25
8210
11489.75
15557.5
17014.25
16949.25
21855
24612
26746.5
30141.75
36155
39244.25
42643
48793.75
52316.25
51173.25
58996.75
63190
65568.5
71200.5
78761.25
80773
84831.75
90911.25
94293.75
96440.5
104995.8
113448.3
115622.8
121658.5
132913
133423.8
135255.3
142869.5
151071
153487.3
166591.5
180801
178548
183840.3
193034.3
198385.3
202402.8
215127.3
222049.8
226407.5
235060.8
247309.8
252077.3
255231.8
261003.8
270595
281378.3
292376.3
301393.8
314988.8
314399.5
321629.8
336804.8
341522.3
341309.3
358274.8
372219.8
370613.8
385456.8
412791.5
407071.3
404838
432426
442113
433003
456752.5
477167.3
470279.5
474153.3
505158.8
501394.8
496398.5
522921.3
537848.5
534678.5
553085.8
569247
569745.3
574473
596174.3
598123
605047.8
626909.3
636719
641764.8
651279.3
669366.5
680436.8
687852.3
696464.3
707323.8
721884
726651.8
737361.3
761964.3
770368
772743.3
790446.5
798107.8
787192.3
812658.3
828982.5
834036.8
809906.3
872117.8
884679.8
853617.5
882445.5
904872.8
901561.3
906438.3
937721.5
938906.8
932366.5
971498.8
984640.3
974459.3
980649
1000332
1001040
1010070
1029460
1036881
1036062
1047390
1049381
1044069
1053969
1077407
1090104
1094626
1119352
1117671
1104293
1121209
1141427
1130652
1126658
1142001
1159352
1164820
1179613
1193359
1191315
1182681
1187615
1193337
1188226
1202793
1228221
1222660
1204971
1216485
1237487
1226711
1222701
1253131
1270224
1246673
1247247
1275187
1260287
1236311
1264380
1287486
1255810
1253153
1291145
1280621
1250733
1256721
1275517
1267263
1253373
1265614
1273688
1277928
1273693
1276518
1276559
1272864
1259270
1254827
1267183
1270118
1261121
1282789
1305023
1274677
1249616
1288850
1319989
1270353
1242372
1276931
1285213
1244603
1241206
1296504
1296548
1248371
1249737
1307829
1291272
1251418
1262731
1288052
1244771
1210112
1245049
1302169
1291188
1248673
1235678
1270682
1254620
1225343
1237256
1266590
1256203
1217419
1227130
1257860
1253677
1204435
1210150
1237690
1203043
1161092
1200831
1259763
1224455
1171674
1207838
1250754
1194895
1158838
1207509
1217879
1135218
1123033
1216048
1239341
1157723
1152820
1219555
1187777
1122418
1147578
1212635
1175950
1116398
1143686
1166410
1114121
1102180
1168687
1187151
1134799
1117834
1147729
1140405
1120173
1132363
1126267
1109661
1111626
1147947
1146089
1118879
1141499
1159664
1124421
1094838
1123139
1144083
1120996
1114656
1154282
1147281
1095234
1102786
1164166
1164765
1101612
1099013
1152672
1143879
1074132
1069401
1146062
1178233
1103762
1075894
1141641
1172906
1106412
1084904
1170946
1198743
1101972
1045321
1129767
1183502
1095736
1065406
1171299
1198522
1099532
1072343
1175649
1196219
1083378
1070351
1179829
1184329
1066889
1055075
1169346
1175986
1071068
1076080
1192657
1186861
1084224
1094331
1165614
1124687
1060974
1107869
1184019
1140821
1093919
1144077
1185740
1110846
1077289
1159368
1213137
1124002
1076666
1155146
1178983
1092929
1067802
1174722
1228272
1125044
1087669
1160113
1193806
1116787
1098168
1193145
1234147
1142937
1092678
1164802
1187764
1107140
1083648
1168959
1222290
1144455
1098829
1163163
1218317
1159290
1108618
1172180
1216255
1155699
1087391
1144360
1233623
1186790
1103604
1138633
1235079
1199939
1098933
1117144
1242061
1240621
1134303
1120859
1225883
1246921
1142764
1111663
1245108
1302779
1182578
1105222
1208657
1323799
1241240
1130960
1178661
1312474
1276728
1157354
1137310
1247693
1278071
1216353
1177167
1230277
1273799
1216557
1169420
1189733
1251061
1249465
1202769
1187166
1211908
1221104
1184849
1173252
1216874
1270661
1274923
1227467
1204108
1227346
1259925
1253559
1224770
1226394
1253332
1257502
1229199
1219834
1211970
1201452
1213949
1248353
1256057
1224457
1213086
1268703
1292680
1214714
1162622
1242594
1365914
1332420
1198885
1190595
1318733
1351306
1222211
1165135
1304713
1385793
1268165
1148424
1224180
1383980
1351313
1202267
1198661
1361032
1404828
1253686
1165921
1286479
1418329
1345161
1208471
1235599
1345588
1353854
1232519
1201880
1287880
1343343
1278521
1215097
1260547
1339983
1339324
1265952
1243687
1281075
1331089
1317087
1289670
1312823
1367204
1367080
1298917
1260744
1311584
1380710
1337136
1245097
1234369
1330329
1402563
1322546
1206602
1214604
1344231
1375773
1268049
1216454
1327315
1467944
1419411
1271515
1258884
1375394
1405525
1291865
1241279
1346892
1442052
1359064
1244577
1288510
1396001
1366582
1219908
1194152
1347304
1455606
1349494
1208012
1248031
1403429
1414344
1279903
1227652
1338651
1468794
1428393
1295705
1260217
1355771
1419257
1363012
1278275
1295154
1383211
1426979
1373026
1296877
1281937
1325838
1360442
1339142
1283452
1255386
1310321
1387865
1393854
1326235
1265104
1284547
1340132
1345755
1302160
1283076
1331990
1366639
1336008
1282482
1277094
1298626
1277281
1239049
1269400
1322677
1335391
1279774
1234978
1289463
1340420
1289913
1195018
1171229
1291671
1375680
1304392
1186484
1204629
1349448
1405579
1269424
1126123
1155339
1331498
1406482
1267132
1115399
1140363
1309158
1392593
1275383
1117083
1121628
1271864
1357009
1259437
1124440
1138263
1264378
1343388
1259851
1123515
1120753
1221156
1309674
1256211
1135673
1107121
1162297
1244943
1224598
1132559
1086489
1108207
1198606
1227135
1156404
1074424
1044851
1141210
1219294
1195149
1092860
1006600
1076734
1193520
1213372
1111552
991546
1028564
1159020
1196158
1089785
967755.3
996292.8
1120291
1132556
1031780
943102.3
1000287
1145450
1128817
969482.5
880988.5
966897.3
1153701
1155421
963687.3
832170.3
914812.5
1140635
1197701
999107.3
834129.5
873805.5
1087311
1207167
1043363
865195.8
846435.5
1001310
1149075
1079358
896316.3
817182
900484.5
1029744
1049831
929007.8
817092.5
830688
952376
1035565
965517.5
829940.3
772614.8
859579.3
997826.8
996388.5
845617.8
727726.8
786420
980163.5
1076099
928715
727337
699563.8
883064.8
1061312
973064.8
749394
654999.3
797633.3
1029980
1029408
801721.5
652287
714573.3
929277.8
1006774
838000.8
650960
648905.3
820344.8
949316.8
859835
687519.3
639670.3
745984.3
871285.8
854461.8
726028.5
641309.5
677064.8
761075
789841.5
738216.5
680686.8
680568.8
712697.8
730491
715844.5
689283.8
681593
682858.3
691549.5
697028.8
689226.3
677855.8
660951.3
658471.3
688117
703920.8
676829.3
629925.5
608114.3
645688.8
705778.5
692727.5
617742.3
555200.8
592586.8
707979
762402
680390.8
553972.3
520253.3
610281.5
729208.3
718696.3
596155.3
505428.8
531526.3
645823
712588.3
646677.5
533012
490618.8
556733.3
638826.8
636191.8
562227
496490.8
501122.3
554678.5
578575.8
553574.3
508835
497197.8
534375.3
567771.3
555041.8
517153.5
497980.3
497794.8
513684.5
510897.5
495577
493540.3
497066.8
495488.3
494265
485404.8
491660.3
503229.3
493721
472784.3
459799.8
453541.3
467640
474341.8
448836.5
425082.3
423058.8
436591.5
472982.8
477191.5
449473.5
430372
435455.3
457979.3
478302.3
455990.8
408774.5
382140.8
390496.8
417579.5
444575
422212
388031.3
376440.3
374944.8
397792.8
412564.5
404779
392370.3
386712
375613.5
368636.8
353749
342591.5
349218.8
362395.5
362977.3
351609.8
335737.5
325378.8
342729.5
370657
384414.3
370494.3
340001.5
308604.3
320029.5
345006.8
350840.5
330866.8
304757.5
291440.5
309071
333717.3
332549.8
310762.3
293792.8
284897.8
305875.3
330356.8
323148.3
292685.8
268564
258480.3
274924.8
287907.8
283542.3
269361.8
257122.8
253670.3
268079
282888.8
277566.5
269657.3
258982
251311.8
255733.3
263431.8
265481.8
261323
251847.8
244535.5
241604.3
241150.8
246460
248757.8
245071
232334.3
222176.8
219331.3
230486.8
245914
241157.8
216187.8
198311.3
198315
213494.5
232901.5
230447.8
206644
184768.5
175295.5
187677.8
206877.8
212733.5
194076.8
175025.8
168528.8
182747.8
200485.5
210032.8
193386.5
172119.3
160122.3
161772
166986
175592.3
172290.5
165113
158380.5
156084.3
145015.3
143255
142487.8
145033.3
155087
160517.3
148905.3
137888.3
128839.8
125783
132975.8
140199.3
134326.3
122145
114475.3
105585.8
107481.8
118173.8
121847
118117.5
111426.3
101345.8
102663.3
107527
108505.3
111089.8
106386.5
93962
86415.75
84019.25
81855.25
81066.75
85886.25
80177.5
73790
71788.75
69792.5
70548.5
77159.75
76505.5
69268.5
65785.5
68159
67346.25
64248.25
59971.25
50194.25
45461.25
47680
52819.75
51530.25
46324.25
38515.5
28594.75
31011.75
36017.5
42034.75
49690.25
39473.75
27926
21153.5
24399.75
34608.5
39697
35164
25401.75
14505.75
10011.25
12253.75
20397
21684.75
18371.75
10995.25
3714.25
2216.75
3054.5
5985.75
9561.25
9112.5
6509.75
318.5
-4285
-7598.25
-5262.75
-1276.75
