44049.5
42746.75
91876.25
77075.75
77423.75
76656
78124
80713.5
87118
92752.75
97387.25
103206.8
108882.8
117246.5
124434
131542.3
137682
142865.8
151693.5
157434.3
164985.3
172747
181692
190014.5
195313.8
206563
216316.3
225427
236337.8
247952.3
255853.3
265104.8
276438
285956.5
294920.5
309145.3
322105
333779.8
345095.3
357045.8
369188.5
384883.8
398572.3
412170.8
423442.5
441361
452819.8
467979.3
484637.5
501407
518103.3
534539.5
555413
572676
589392.3
606678.3
619645.3
638418.8
659235.3
677581.8
695267.5
712488.8
735209.8
746165.3
764551.8
783651.8
810855
830682.3
856436.3
876401.8
896184.8
909399.5
936621.8
955128.8
975078.3
997237.3
1025151
1044332
1067954
1092793
1116320
1137731
1163106
1189742
1214185
1241251
1261193
1278751
1312800
1340473
1359579
1371999
1402227
1432557
1469381
1482871
1506038
1516011
1552685
1571693
1609102
1636279
1660340
1686485
1709147
1732281
1757027
1786063
1801417
1826444
1862188
1895896
1919024
1938072
1972581
1996232
2026056
2060323
2082311
2099968
2119992
2151646
2144647
2199681
2167458
2253946
2276504
2268290
2319490
2340489
2365737
2387750
2407134
2424503
2434623
2484227
2511172
2522411
2528601
2563040
2589928
2616570
2634056
2644333
2654462
2664838
2677777
2695313
2706641
2736267
2775620
2783950
2796776
2801283
2802661
2826717
2854551
2857580
2871674
2878925
2897704
2908408
2933197
2956463
2955847
2962921
2960715
2970245
2993218
3001121
3006557
3016228
3023767
3043373
3043431
3043603
3053397
3067167
3088068
3087841
3093175
3100647
3102883
3101279
3105072
3107234
3107926
3116693
3133741
3128929
3120937
3125973
3116209
3113667
3115485
3109638
3105812
3105292
3106293
3104834
3102495
3099752
3101390
3093139
3082171
3081298
3090865
3097777
3083359
3062057
3058892
3046242
3044537
3058685
3057360
3041463
3043081
3051975
3052386
3048660
3030616
3020995
3018077
3026189
3012964
3007858
2999655
2991180
2971223
2967028
2965789
2971501
2978608
2978933
2944518
2966194
2955844
2934183
2921820
2924498
2917919
2899603
2895510
2874356
2871125
2854251
2848542
2848474
2855239
2855652
2832083
2816283
2818579
2807210
2788634
2784902
2779499
2777714
2766409
2763927
2753618
2747621
2743532
2752069
2731379
2707912
2709911
2712881
2723682
2709334
2699183
2691534
2661494
2644990
2638202
2628753
2626808
2640479
2641807
2624679
2607714
2609049
2597917
2596249
2597967
2582351
2574789
2570566
2584991
2601697
2579723
2570451
2571956
2566701
2550922
2530671
2538763
2541856
2542656
2542298
2537201
2544654
2552682
2548850
2534693
2515808
2512257
2513080
2502859
2496896
2487881
2486002
2490089
2495586
2506274
2502049
2490950
2488240
2493388
2493274
2471567
2466188
2449997
2449715
2461086
2459476
2454374
2466495
2457066
2452800
2453219
2441333
2429535
2414274
2412195
2403149
2397177
2398737
2390255
2397426
2413586
2418148
2421732
2419785
2399709
2383704
2390479
2402262
2390371
2408054
2411157
2402103
2386037
2403871
2408809
2410488
2395094
2392477
2396968
2397425
2384926
2378526
2391318
2372791
2376701
2379182
2394234
2393996
2381684
2387149
2393905
2379998
2364383
2374324
2396473
2400823
2386725
2386922
2391454
2361580
2341408
2360756
2385139
2396582
2389195
2396881
2401239
2393561
2375946
2382394
2395500
2388643
2373783
2372115
2371012
2373167
2383930
2383092
2374805
2365579
2355667
2351289
2357600
2375417
2374929
2380471
2372263
2363999
2365045
2366084
2373063
2387984
2389011
2379718
2372334
2380093
2393371
2393160
2401404
2417689
2423458
2404372
2392574
2391570
2399613
2387627
2384933
2401439
2403141
2400015
2380853
2385600
2384017
2384893
2383773
2374205
2377166
2370016
2363980
2375325
2378484
2381646
2370697
2371151
2383195
2398392
2396878
2382809
2392627
2381450
2366890
2359080
2369914
2372551
2374610
2367698
2350516
2358253
2366477
2373229
2378757
2366910
2365407
2367488
2353306
2352146
2355482
2375034
2382476
2368893
2362507
2364029
2364234
2351759
2339903
2356197
2347313
2345353
2348896
2354680
2367396
2371857
2379891
2365813
2357776
2367300
2383234
2374009
2383659
2389845
2388553
2386571
2376571
2364228
2357262
2357783
2356656
2367448
2372455
2372845
2371777
2360107
2371951
2378432
2383600
2364667
2353503
2359249
2378091
2380662
2375255
2378704
2377152
2368965
2366016
2357832
2358414
2348636
2351321
2361061
2358013
2345519
2338806
2340434
2356052
2370487
2372041
2361421
2351714
2340719
2347592
2365699
2350607
2341308
2354050
2360381
2351441
2333223
2345064
2360732
2361044
2344613
2340946
2333245
2330482
2313280
2306564
2305492
2316214
2322438
2327564
2304751
2295453
2288756
2287119
2298176
2290651
2287990
2296141
2295781
2276477
2256363
2257017
2273124
2282635
2281426
2261431
2259979
2262194
2270773
2258213
2235950
2210578
2204034
2203084
2202626
2204725
2203253
2205434
2217307
2202824
2181331
2175988
2187323
2185616
2173672
2155470
2162511
2174244
2169270
2166738
2149238
2136461
2131073
2144764
2135685
2124599
2122294
2121766
2112943
2090120
2068173
2069430
2066585
2084687
2086348
2077892
2073272
2079517
2069636
2049131
2035308
2038139
2037367
2033598
2014334
1988748
1989335
1984311
1983174
1973313
1973675
1960079
1947488
1943024
1937729
1930597
1923644
1929375
1919830
1912684
1904831
1881783
1879021
1892316
1893250
1880247
1855861
1834449
1837741
1833755
1824358
1816571
1815245
1823635
1824546
1812139
1784248
1765576
1771703
1786666
1776214
1756353
1745932
1732976
1740754
1739492
1736972
1727020
1706974
1690204
1679288
1681678
1669077
1666047
1670785
1670071
1657584
1643916
1632826
1628131
1629542
1611481
1598279
1590705
1587601
1584005
1575253
1562971
1546170
1548369
1559991
1558985
1544127
1516238
1510694
1518091
1534179
1522695
1517316
1494272
1483022
1484179
1474438
1465136
1456926
1457881
1444816
1434439
1419288
1406381
1406172
1416476
1408273
1388682
1373532
1371899
1375563
1375295
1358149
1335422
1332247
1342864
1340020
1331235
1314751
1299489
1291708
1306705
1298836
1281513
1272518
1268087
1269349
1264648
1259792
1247258
1243003
1237221
1240106
1229542
1214041
1190744
1194401
1198765
1197313
1178755
1163519
1162318
1170576
1179258
1176714
1155857
1127782
1127361
1139971
1142082
1121873
1095283
1087549
1093022
1104151
1104737
1082460
1070961
1063658
1071398
1074021
1066694
1048660
1028423
1019755
1026553
1026173
1011933
992637.5
977490.3
981744.8
995186.5
991179.5
982834.3
962180.8
955298.8
962639
968034
965038.8
948100.3
930089.3
916825.5
924844.3
935752.3
937447.3
928116.8
904710.3
890963
896324.3
899433.5
897628
881414.8
865657.3
853502.8
857055.8
872103
868722.8
848602.3
834566.5
826571.8
829178.3
826327
826113.8
823307.3
810531.3
804941.8
799897.5
800240.3
800530.8
797380.5
786501.5
782605
780568.3
776954.8
770616.3
760349
758628.8
762028.3
758841.3
747429
740772.3
732071.8
724861.3
717540
714721.8
713016.5
714490.3
710562.8
700771.5
696226.8
698531.5
695565.5
692648
686783.3
682175.3
671082.3
664478.8
663910.5
659648.8
650868.8
640347.5
635927
636888
642691.3
646332.3
633412.8
620084.8
610580.5
612791
618946.3
622808
613613.5
595212.8
583181
576783.5
585790.8
588971.5
581461.3
564857.8
557077.5
548146.8
553597.5
563437
561962.3
549946.3
537065.5
525184.3
529469.5
536358.8
531720.5
522694.8
510389.5
505164.5
504707
506029.3
502005.8
493546.3
484668.8
473393.8
475807.3
480772.8
483084.3
474041.8
459440
450784.3
450568.8
452127.8
450142.3
447861.8
439906.8
431694.3
427539
426164.8
427506.5
423405.3
417490
409343.8
406625.3
404327.8
404949.8
405075
398455.8
389715.5
384404.3
380142.8
383072
382513.8
377875
371326.3
364024.8
358799.3
358054.8
361106
360157.8
353275.8
343967.3
340163
334874.5
334289.5
328027.8
322788
318524.5
315239.5
314293.8
313501.8
306029.5
303556.8
298309.8
296096.8
297939.8
294733.5
288096.8
279542.5
272555.3
267698.3
272680
272658
268888.3
260350.5
254125
249772.5
251284.3
253067.3
253211
241019.8
232141.3
224583
227157.3
226493.3
230708.3
225467.8
219555
211515.8
205887.3
205726.3
205921
205391.3
200309.8
195065.8
189097.8
183251
179997.5
181874.3
180361.8
182631.3
177975
165625.3
160117.8
160650.5
159650
159243.8
157323.3
150399.3
143422.8
142054.3
141105.5
142810
140808.8
135480.5
128620.5
127139.8
124581.5
122580.5
123857.5
119091
115422.3
111848.3
108999.3
106838.3
105913.3
102420
98515.75
95322.25
93448.25
90399.5
89522.75
91463.75
79333.5
80114.75
85390.25
80885.75
76478
74941.5
72951.75
69356.5
68257
66580
63481.75
60677.75
59039.25
58425.75
55621
54528.75
50739.75
47171.25
44174.25
43152.75
43990.5
42161.75
40025.25
37196.5
36021.75
35542.5
33795
30957.75
29485.25
26331.25
