156861.5
156986.8
95684.25
88975.75
98843.75
107120
109064
113081.5
109966
102748.8
91675.25
86546.75
84606.75
89162.5
103014
119642.3
148154
172377.8
190725.5
205986.3
207825.3
211303
204064
184778.5
177225.8
165627
173476.3
194487
216345.8
256520.3
282985.3
316988.8
353550
353072.5
353944.5
345797.3
326389
317119.8
297495.3
296593.8
310164.5
340139.8
389528.3
439302.8
485322.5
529897
564203.8
571271.3
552705.5
539011
498111.3
481703.5
477825
467480
517992.3
563838.3
628689.3
721242.8
755387.3
820381.8
857107.5
831488.8
831837.8
771869.3
707431.8
702731.8
682811
709778.3
762188.3
819281.8
951400.8
1041728
1109410
1177421
1162146
1147177
1134155
1048616
979893.8
939996.8
922587.5
982555.3
1062670
1155470
1298437
1414991
1520137
1616711
1598400
1524209
1477627
1356291
1273231
1244537
1208057
1256771
1365618
1490307
1695485
1821117
1938494
2032787
2022100
1978273
1874795
1702769
1587571
1529499
1490113
1542748
1689876
1856864
2054208
2257468
2407645
2495080
2502532
2421131
2288895
2094256
1914360
1840818
1744331
1841253
1948974
2162078
2445008
2661942
2847850
2997845
2970733
2869938
2731766
2462107
2268023
2134367
2002328
2074495
2161605
2410720
2753196
2958814
3250000
3434017
3344186
3353134
3190429
2811933
2647141
2413539
2227268
2266062
2289360
2516635
2860257
3102797
3461927
3717712
3718954
3730965
3635504
3289684
3015069
2721319
2416063
2303661
2347627
2531373
2838518
3156773
3464945
3794964
4003851
4019173
3965919
3782831
3378029
3044319
2754392
2435245
2404879
2499459
2667343
3030355
3359732
3697474
4075634
4202925
4191889
4164705
3825893
3383013
3037669
2639095
2421477
2407062
2463688
2697360
3079161
3474686
3854099
4130292
4253310
4245059
4075583
3786254
3400265
2970685
2594507
2327589
2293008
2415542
2635653
3080581
3496708
3774979
4129313
4362879
4312834
4194392
3865996
3293267
2898125
2582081
2242796
2183902
2282799
2530412
2926003
3349256
3764993
4129133
4338540
4402649
4190210
3826802
3421848
2965123
2520552
2235726
2052551
2163707
2440930
2672532
3180049
3662023
3854330
4138434
4364635
4111816
3816927
3590735
2941863
2484958
2256942
1945238
2028371
2236502
2379897
2957183
3432394
3552537
3992080
4352857
4062751
3857928
3671907
3001337
2569934
2324250
1936631
1885666
1987478
2101398
2596790
3047633
3298444
3801443
4163103
4016503
3874350
3723841
3189585
2720961
2386147
1961647
1788913
1807538
1893839
2261357
2673019
3057875
3555848
3896169
3923230
3914403
3856807
3437688
2986764
2617506
2132601
1831130
1767758
1746790
1956353
2359204
2705037
3153300
3660015
3845404
3861617
3998254
3833837
3226722
2831858
2498717
1971158
1717596
1710368
1700734
1960819
2423348
2744165
3179423
3713918
3912228
3908078
3989695
3719418
3191076
2818787
2388497
1857859
1653626
1632983
1653925
1935457
2330193
2691087
3182826
3649758
3848528
3936840
3957265
3621125
3161012
2786511
2300874
1852967
1681202
1603861
1633363
1897185
2252503
2664421
3210168
3601754
3787633
3964912
3998213
3637282
3209146
2886358
2368031
1910697
1715162
1598838
1567660
1825716
2173425
2494341
3010698
3518683
3758056
3936333
4075391
3818057
3325594
2979790
2521992
2004876
1742432
1619255
1533118
1712323
2089861
2447411
2876701
3322710
3673306
3942500
4059879
3814635
3471199
3243044
2809659
2192102
1856160
1698409
1511635
1581691
1864341
2174340
2663873
3218401
3524775
3727911
4044755
4090069
3660328
3340771
3200516
2603687
1960362
1734970
1635629
1506583
1705816
2096288
2410549
2855666
3416824
3761074
3850510
4027533
4095515
3740105
3214923
2884377
2471415
1931509
1641612
1595761
1566649
1715469
2140965
2610882
2970728
3346920
3734781
3993076
4096198
4014801
3708711
3259035
2785380
2294062
1878249
1620079
1506086
1573874
1820248
2175706
2627687
3152394
3530566
3728060
3949045
4099117
3898333
3517349
3207050
2810467
2208504
1780678
1613394
1514866
1621050
1889340
2178493
2600031
3223685
3636582
3741679
3940691
4233541
3994749
3410641
3046236
2772608
2246016
1769717
1588303
1511869
1592844
1906056
2255666
2613437
3147639
3708365
3960305
4026867
4113495
4050220
3614854
3095107
2682716
2286528
1861707
1580305
1504981
1566139
1813127
2218020
2630168
3018215
3481147
3937665
4154523
4124250
4063151
3874772
3312492
2676461
2278908
1943712
1591102
1470892
1584961
1737977
2095737
2692999
3087554
3251498
3640300
4183095
4229869
3827501
3680230
3680659
3090628
2283351
1936011
1791528
1529618
1492157
1752157
1989551
2332212
3001428
3562944
3767377
3910794
4222489
4254474
3826484
3420404
3165624
2686542
2052546
1709716
1575519
1473877
1541912
1796363
2117772
2557211
3239514
3789353
3961781
4010069
4259847
4372361
3920560
3274619
2906414
2549411
1968667
1505830
1393029
1403317
1523378
1939734
2456790
2792848
3122258
3713645
4248625
4352194
4139871
4013052
3871131
3329336
2616675
2132780
1814292
1474314
1279055
1365520
1584266
1871142
2353918
2928525
3374861
3701284
4020169
4297063
4281906
3939610
3524759
3107808
2551313
1988034
1614385
1429235
1257156
1235848
1514924
1944333
2297164
2693635
3242444
3696999
3879963
3960922
4083982
3966052
3465411
2905371
2545330
2127537
1572407
1233703
1203500
1235212
1329401
1695453
2180208
2581019
2947990
3455400
3864523
3857659
3713049
3689216
3595902
3046447
2336145
1897757
1632109
1342999
1097030
1100667
1244521
1462351
1837874
2394763
2839064
3065532
3221123
3538822
3763514
3637029
3144896
2646896
2409534
2141712
1679376
1216272
1023914
1042844
1109516
1296594
1650513
2012099
2330521
2662055
3047504
3299920
3279786
3195599
3134178
2850509
2329415
1873925
1613781
1386941
1057841
890383.3
959738.3
1145197
1367687
1717969
2096763
2338766
2568842
2904679
3267771
3191551
2826792
2536236
2445970
2256251
1706726
1198100
999490
976168.5
939779.8
971291.3
1176528
1423993
1646552
1954832
2412633
2758134
2782016
2649483
2633155
2708571
2488649
1947558
1531691
1366188
1269572
1006603
770683
764465
914715.8
1135821
1402604
1712293
1935586
2135359
2378429
2675512
2751100
2483430
2234987
2115917
2017414
1641282
1146925
868968
805509.3
807492.8
807944.8
867927
1008819
1238954
1560420
1930386
2222486
2311585
2314450
2353061
2344727
2197850
1905845
1600319
1331737
1082074
875671
740596.5
653583.8
646369
755686.3
987145.5
1229673
1430834
1636996
1867611
2059339
2160861
2144297
2068653
1943210
1764318
1542949
1263175
985943.5
765302.3
628504.8
589730.8
632295
719086
840802.8
967140.3
1147621
1419482
1744516
1951536
1925147
1863933
1890982
1929119
1814052
1433506
1072320
887602.8
784737.3
663578.8
534327.8
514627
569794.8
635354.3
766974.5
1001264
1297562
1471783
1528214
1625843
1757295
1830722
1723338
1476160
1258919
1110589
938345.5
746429
579220.3
484214.8
446936.3
452853
523960.8
689200.3
900213.3
1057305
1172028
1285184
1417441
1574340
1601510
1475093
1319962
1167523
1073480
957550.8
747559.5
554193.5
442748
400231.3
394671.3
430226.3
543098.8
684854.5
800544.8
898864.8
1049232
1266151
1392776
1372875
1307972
1239361
1183669
1077061
888395
717478.3
588060
470813.5
368636.8
320905
336403.5
386346.8
454263.5
575749.3
754305.8
901701.5
967978.8
1035310
1152725
1262158
1252998
1108266
951680.3
871237.5
775310.8
627396.5
468430.8
357593.5
299056.5
277655
290401.3
350637.8
415006.3
482288.8
572401.8
731419.3
918692.8
1008588
985741.8
958288
976288.3
989400.8
898139.8
727650.3
594945.8
502738.8
415986.3
319487
250520.8
230918.5
240145.3
257554
300339.8
401389.3
540463.8
652469.8
727327
780207.8
835251.5
878968.3
883750.8
841460
761409.8
648243
528882.3
438756.8
367843.3
296174.8
228302
191177.8
190483.8
204499.3
221163
283942.5
416161.5
545083.8
597440
601744.5
610835.5
689381.8
779505.8
741093.5
618192.8
500609.8
449844.8
432647.8
372321.5
264772.8
174346.5
136419.3
132514.3
143684
170794
222240.3
279390.5
343613
409708.5
471196.3
509155.3
531195
537567.8
539637.3
534459
499905.3
409277.3
329716.3
269259.8
226219
174387.8
124967.3
93866.25
102153
120187.3
130337.8
156033.8
208137.8
274167
339933.5
364182.3
366953.8
388739.3
417403
418857.3
394309.8
333914.5
260086
213507.8
182075.3
142783.3
103914.8
71130.25
58757.5
66174
76548.75
84072.5
108628.5
155699.8
214069.5
249672.5
261421.5
267127
286306.3
303676.3
292735.3
258682.3
215393.3
183340
154683.8
122454.3
82500.25
50891.5
34306.75
32915.75
30781.5
32514.75
54450.25
77553.75
94566
110165.5
134355.8
171696.5
206773
215092
196761.8
171109.8
156619.3
151245.8
136541
107840.8
73111.75
41459.25
22278.25
11260.75
6386.5
1225.75
5277.25
13872.5
26977.75
43158.5
59975
78557.75
94221.25
112011.3
