86889.5
87014.75
93780.25
85167.75
85039.75
85700
93356
104037.5
109966
116076.8
124043.3
130814.8
130778.8
132478.5
140142
147250.3
147202
150481.8
156929.5
158862.3
162605.3
166559
175504
192394.5
202453.8
213703
230120.3
254939
271085.8
282224.3
298693.3
323652.8
329750
322608.5
340616.5
355793.3
340669
339491.8
360803.3
367993.8
353480.5
372031.8
410472.3
421214.8
421062.5
460877
499467.8
502727.3
516529.5
563763
596643.3
603083.5
621101
662164
686496.3
677126.3
694377.3
728858.8
723971.3
701381.8
720019.5
752948.8
735685.8
717129.3
764075.8
805071.8
809427
834966.3
919744.3
972553.8
970440.8
999839.5
1078470
1123633
1102170
1123377
1187943
1204268
1170770
1192753
1258644
1234835
1191666
1219730
1237033
1212215
1215021
1260663
1311848
1367605
1434311
1477671
1535031
1642473
1740701
1761331
1785450
1806371
1832573
1798269
1775226
1743855
1728408
1695053
1670591
1699913
1740843
1741319
1745725
1830252
1949296
2016324
2063728
2147988
2273413
2351804
2371156
2417799
2498335
2496952
2423680
2412494
2414539
2395317
2234098
2246330
2254608
2213550
2195254
2200545
2296241
2431542
2505666
2538743
2675003
2942139
3036200
2983655
3035065
3208496
3222056
3057822
2969636
3027513
2989566
2756230
2573533
2612489
2655233
2560623
2487640
2654002
2884836
2909811
2910713
3162773
3465735
3542544
3490474
3567697
3728800
3719988
3550569
3431987
3385675
3255661
3005459
2824589
2769498
2757409
2732857
2726820
2827179
3030521
3227643
3384419
3552721
3754511
3923448
4002237
4028039
4010759
3918271
3790527
3668180
3496126
3282618
3121453
3028069
2861417
2746325
2789917
2879161
2933263
3051701
3265766
3516600
3714096
3872653
4023038
4125895
4125532
4052438
3957555
3845675
3622034
3339813
3153469
3034331
2845953
2650008
2578334
2641841
2714537
2842684
3057647
3277273
3474663
3709266
3989236
4135412
4096755
4070037
4133365
4076348
3814678
3502311
3311528
3127351
2863736
2575945
2450281
2514032
2626217
2631310
2738666
2990592
3328311
3589172
3715610
3815179
3982027
4142154
4120524
3958309
3770551
3649650
3448234
3082767
2738080
2566951
2488319
2380183
2317882
2411166
2541190
2628131
2830550
3134833
3340839
3420494
3605373
3910684
4052501
3887107
3710368
3664767
3497329
3140658
2784542
2600651
2503514
2343526
2201358
2140306
2220345
2434504
2662851
2746527
2866487
3138454
3456329
3618937
3665821
3731323
3756167
3669113
3455450
3257579
3058657
2817247
2575687
2340620
2163053
2105386
2135115
2170339
2208656
2372724
2669866
2920381
3093482
3313806
3592718
3768961
3742460
3659417
3629776
3552915
3271348
2884389
2608334
2493421
2368018
2160698
1942749
1864534
1988916
2242060
2441390
2461095
2587092
2973121
3453123
3639186
3500964
3546794
3855939
3923146
3480960
3036795
2963029
2967891
2587538
2094227
1870981
1947833
2013177
2008503
1993778
2097046
2426716
2888212
3235649
3275073
3331896
3639027
3907374
3781243
3490954
3387433
3403607
3154301
2695183
2340741
2185340
2025242
1854597
1764840
1784813
1896550
2141002
2452246
2657439
2847465
3165058
3588518
3842464
3779220
3702813
3734321
3668054
3328759
2965516
2752521
2600267
2313421
1989938
1817398
1744208
1771160
1923788
2156183
2344222
2495819
2838133
3302307
3640681
3675426
3671402
3847300
3989907
3832247
3390755
3022656
2868683
2705706
2372620
1999241
1734403
1657851
1739629
1936340
2102193
2143593
2341915
2804947
3333135
3577893
3561796
3664451
4005432
4211615
3942902
3467610
3222613
3157827
2909620
2455668
2056881
1859874
1754156
1719034
1807994
1997869
2157243
2359229
2679423
3112381
3485771
3685093
3822644
3931493
4049941
4037873
3826481
3520042
3174456
2846168
2496229
2139056
1844242
1645273
1590987
1661103
1829096
2030834
2267617
2586359
2996442
3386958
3680456
3845038
3953823
4069170
4074634
3874192
3577289
3331329
3116741
2770981
2279802
1875127
1674432
1653586
1715258
1780950
1816686
1904572
2259413
2856119
3409801
3588506
3519387
3716971
4219261
4531201
4259825
3646472
3317628
3351288
3219613
2670251
2032137
1674240
1613316
1635438
1678573
1799131
1920985
2066777
2420843
2956815
3464740
3711482
3787687
3958872
4210044
4346427
4161177
3795969
3485371
3203047
2865380
2427868
2011951
1728991
1535769
1444655
1500538
1701715
1978864
2222928
2486061
2888188
3435020
3913982
4090796
4059209
4085609
4277721
4435635
4175690
3517106
2870608
2519475
2380133
2145793
1788130
1446315
1250412
1322783
1618519
2068560
2470194
2637889
2822205
3273799
3914912
4381352
4412604
4209105
4185446
4271517
4139758
3548976
2898232
2509220
2326210
2081106
1730184
1446523
1312989
1319144
1507431
1919756
2426787
2820634
3027753
3254445
3646881
4126091
4465657
4498900
4303255
4071186
3893159
3688455
3317486
2801037
2248217
1778990
1441838
1270598
1251084
1346302
1544037
1764381
2001706
2332499
2789732
3334203
3808192
4075615
4147688
4183344
4274622
4300227
4069200
3581086
3038770
2567642
2145029
1755985
1442664
1236045
1145943
1168866
1326370
1585535
1871636
2170989
2562090
3065709
3625499
3992252
4051388
3958708
3985421
4127860
4095455
3628956
2908743
2296311
2002658
1834882
1570344
1273907
1077055
1057354
1148881
1321079
1637351
2137888
2657024
3020629
3189617
3345932
3672963
4020418
4200340
4022555
3546355
3140897
2870496
2634858
2289131
1790649
1359877
1096609
966482.8
925670
982619.3
1160745
1492815
1908798
2224831
2469688
2701392
3010255
3451238
3771606
3841233
3637080
3238564
3010246
2893316
2688496
2307264
1768378
1314164
1082860
963870
886057.3
906827.3
1062933
1272611
1443860
1646296
1977926
2506351
2992330
3099933
2969635
2943497
3144121
3465157
3444505
2900055
2221614
1795413
1702791
1684173
1433219
1078318
849529.5
778387.3
787810.5
852010.5
1092248
1506648
2005670
2331459
2348374
2330980
2513646
2883977
3228388
3302739
2997228
2547353
2205376
2042416
1942345
1712838
1355920
1003475
767235.3
659866.8
633200.5
684253.8
880522.8
1239572
1603248
1735359
1662707
1733601
2104240
2732801
3178560
3014629
2472990
2081571
2057129
2323272
2385056
1960782
1347247
893549.3
715077.8
711653.8
721856.8
727596
817409.3
946960.8
996916.8
988831
1131627
1509322
2024520
2396390
2438114
2256845
2134046
2183129
2288083
2255922
2012469
1669815
1370769
1142526
952783
783912.5
633115.8
546409
531014.3
589209.5
697980.8
848686.3
1029144
1226915
1460055
1720561
1908677
2000109
2015086
2018026
2081781
2135207
2031240
1737294
1371065
1102383
978347
930906
835566.8
676304.3
549289.3
493185.5
481688.3
494500.3
588063.3
815304.8
1141282
1469303
1611752
1541558
1479300
1562571
1808613
2033031
2017544
1778883
1462295
1229878
1119215
1032680
886774.3
703519
542417.8
433939.3
384035.3
387489.8
440517.5
540820.3
672010.8
810708.5
945961.5
1097717
1278940
1438119
1547924
1610009
1608289
1591696
1555189
1464761
1310068
1133340
948105.3
792748
677593.8
564504.5
461258.3
405922.8
385183.5
389682.8
419119.5
489457.5
621724
785315.3
968251.3
1100434
1142859
1157047
1200385
1269193
1354348
1403239
1318044
1148679
989528.3
829048.8
708620.8
617244.5
531395
444254.3
382428
338009.5
321036.8
335661
385431.5
466314.8
557555.5
645721.3
733361.8
819353.5
924186.8
1067678
1186997
1240262
1211586
1116834
986904.3
913125.5
880982.8
813036.5
697862.8
565129.5
434240.5
334775
286593.3
266861.8
266970.3
292364.8
340589.8
414879.3
477916.8
531636.3
592089.8
661740
759708.3
878492.8
942407.8
932330.3
902441.8
857358.8
802498.3
772163
736516.8
656462.5
548117.3
441290
346035.8
285721.3
248199.8
227877.8
219435
225191.8
246915.5
289680.3
358722.8
446856
531025.8
598739
659306.3
709124.8
745311.3
781218.8
807118
778561.8
702659.8
617667.3
545795
493382.5
456621.5
403711.8
329928
252360.5
193383.5
164829.8
163561.8
174653.5
194552.8
232145.8
287528.8
360771.8
432297.5
484684.8
508022.5
531023.3
559962.3
584460
593958
600184.3
571654.5
520209
468732.5
417884.3
343983.3
273203
212935.8
161693.3
123671
109109.3
110825.3
120276.3
135979.8
167195
200091.8
228259.3
247138.3
279225
318679.3
360245.8
412121.8
458989.8
469327
455601.5
420826.3
371713.8
330191.3
296023
257969.3
224853.8
190162.5
151082
109739.8
81639.25
65195.25
63930.75
70178.25
84461.5
113774
145568.8
177368.5
218108.5
252327.8
265953.5
272520.5
290933.5
308063
312010.3
302248.3
281311.3
238690.3
193973.3
159540
140879.8
121978.3
98684.25
75167.5
54298.75
39579.75
23641.5
19662.75
30174.25
38997.75
52202
78273.5
117695.8
147420.5
162981
163208
156777.8
153497.8
150907.3
161241.8
171289
165912.8
146415.8
117619.3
83682.25
56480.75
38278.5
23121.75
13845.25
6256.5
1749.75
-1109.5
-477
4301.75
15681.25
25379.25
