141307.3
141531
73478.25
72895.75
80668.75
86167.75
81428.75
66487.25
67877.75
81867.75
101649.8
104605.8
90703.75
86198.75
92023.75
110096.8
115682.3
111406.8
110662.3
116531.5
131585.5
148967.5
164504.3
164329.5
148607.3
147956
167284
194525
205793.8
197034
178317.3
175173.8
194555
232606
260678.5
253553.3
243477.3
228667
242714.3
266675.8
284825
301772.3
298158.3
294171.3
301056.3
339035.8
400025.3
406694.3
392333.5
392494.8
432449.8
477959.3
479721.8
482830.3
481367.3
501605.5
528673.3
546728.3
575565
556359.3
533495.5
519973.3
559217.3
637307.3
651667.3
616250.5
563480.8
569175.5
644258.3
732349.8
809198.5
797212.8
774387.3
760586.3
828060.5
935129.3
1002865
976453
905350.3
918368.8
1024116
1168013
1182811
1121525
1084904
1091635
1132940
1127831
1133606
1122835
1184622
1310460
1393863
1399025
1302591
1278097
1286981
1281254
1299362
1321168
1344678
1290084
1275099
1347558
1436669
1550352
1587472
1588087
1599926
1604042
1675474
1775918
1931305
2024202
1959645
1815920
1768529
1916113
1963204
1912431
1822353
1752222
1810802
1944155
2070638
2062044
1927000
1865704
1900382
1935904
1977645
1940889
1935306
2021196
2139938
2278244
2140266
1947884
1823617
1921962
2143302
2320961
2484091
2439209
2308347
2222705
2398350
2761553
2832707
2697279
2420454
2329882
2496366
2631470
2674154
2595906
2458359
2349358
2350402
2536256
2762036
2834593
2755646
2702440
2740203
2741216
2806494
2889404
2888911
2847455
2881891
2986742
3035593
2895386
2683038
2538647
2617729
2850625
2914751
2706673
2533810
2610445
2882919
3171264
3355387
3334332
3166977
3002478
2907992
3008053
3132308
3099380
2797324
2357291
2241579
2451830
2664420
2693146
2589317
2550293
2582122
2660482
2751414
2861413
2924983
2815258
2747188
2970169
3262732
3366251
3120185
2847800
2778422
2812637
2833203
2726846
2578922
2625079
2723436
2866897
3036733
3154366
3101863
2939153
2929689
3172104
3324269
3073228
2592259
2448190
2657823
2939645
2880517
2490677
2230028
2303709
2548377
2598190
2461964
2442833
2594706
2681696
2587519
2585562
2789669
2948161
2918585
2686337
2647694
2884360
2997434
2841213
2563928
2456025
2579592
2707017
2646730
2552235
2672688
2815423
2890193
2857273
2825957
2910723
2891829
2871322
2837023
2816422
2782734
2632387
2472688
2461367
2608288
2709472
2590788
2354271
2305184
2453166
2609070
2600042
2454964
2374105
2357741
2435594
2586609
2726281
2785222
2618873
2516548
2578098
2737446
2903447
2837137
2651015
2446877
2423347
2555956
2564921
2533719
2399673
2426403
2634868
2754169
2939949
3037477
3021062
2889352
2764570
2822832
3020241
3173954
2997536
2767737
2708558
2722103
2724061
2552884
2295763
2324564
2494441
2606956
2572459
2386845
2409966
2580666
2657262
2563997
2502428
2638943
2786635
2839359
2621487
2436214
2549726
2649410
2627622
2397257
2202389
2386139
2763705
2963464
2703968
2241922
2216732
2491644
2777637
2820465
2611945
2445156
2443928
2608888
2739297
2678950
2597308
2552662
2647286
2803080
2854791
2865543
2808908
2702795
2545857
2469490
2545762
2729931
2846754
2636132
2367951
2387383
2457330
2587284
2584293
2488188
2568664
2702149
2887444
2882778
2778293
2771266
2739644
2786997
2790046
2848683
2930773
2902550
2928573
2913822
2931895
2977531
2972253
3008558
2963305
2962987
3200851
3447148
3493670
3255843
2988129
3037284
3348514
3643664
3645478
3346555
3086054
3038318
3152528
3281297
3261701
3142636
3066233
3075493
3248544
3349825
3300201
3200406
3117817
3131057
3144667
3187931
3254819
3265774
3301567
3241065
3070298
2973832
2917237
2917687
2865879
2766043
2686014
2613906
2657691
2747054
2768021
2704427
2563023
2504517
2573059
2715924
2821124
2742850
2577629
2525650
2693248
2957423
3084591
2871109
2540190
2473875
2654079
2964512
3028558
2839462
2662336
2625241
2882087
3103831
3030196
2801842
2645312
2894925
3380681
3671288
3426404
2966130
2936079
3323493
3772452
3854436
3429813
3160986
3358227
3652925
3784860
3467724
3035334
2969160
3193444
3441637
3441804
3276908
3201388
3316024
3468169
3446670
3224540
3069380
3127435
3350159
3519755
3316078
2977735
2888061
3085829
3345838
3233621
2860071
2683474
2773064
3113941
3307430
3125923
2881626
2744399
2897960
3253803
3453582
3415929
3152345
2966097
3014834
3085596
3206275
3231949
3195135
3286460
3211553
3095455
3052749
3063127
3222302
3271812
3155520
2973881
2958534
3203938
3527169
3660865
3366934
3024229
2937703
3107258
3349154
3340422
3076551
2819717
2765934
2932089
2927131
2759582
2530349
2335991
2514118
2785509
2893976
2809707
2477344
2256492
2347477
2601899
2786726
2606071
2241457
2103119
2231846
2493396
2612703
2445600
2218939
2122567
2270237
2615216
2838548
2760976
2404760
2144773
2245136
2599311
2892397
2866213
2571751
2340597
2389369
2563332
2661354
2566740
2325080
2197958
2319994
2566145
2728593
2576751
2259109
2105367
2240224
2489124
2559347
2344262
2092181
1994932
2108517
2285723
2307184
2205669
2075118
1981340
1957271
1992249
1982582
1904786
1837698
1812431
1815524
1816520
1815586
1820078
1795336
1776677
1822709
1850039
1850811
1801462
1676184
1671153
1736357
1805668
1906587
1899291
1803654
1712594
1719842
1846946
1937989
1943402
1887997
1777282
1747149
1826968
1912868
1969271
1874345
1723285
1700989
1779329
1889665
1929286
1859969
1723343
1639579
1692378
1848393
1943632
1895313
1747933
1621494
1625318
1729506
1775441
1750897
1659663
1567459
1543716
1608017
1697172
1734120
1710039
1644869
1578670
1561943
1569651
1545602
1525274
1528505
1493673
1476194
1480674
1466964
1471249
1489812
1523976
1539281
1518902
1476891
1446120
1460902
1500237
1558884
1553039
1515037
1462632
1467936
1530654
1609142
1643361
1575822
1529456
1514382
1530137
1522764
1508476
1466745
1409903
1400462
1447458
1486087
1469885
1413155
1325059
1303643
1319984
1363524
1350171
1276619
1223332
1205058
1251882
1304855
1327624
1282048
1200793
1152749
1175269
1228633
1261637
1267991
1231035
1163357
1117626
1129609
1170407
1220626
1238348
1202420
1143392
1108990
1104770
1152142
1186382
1196779
1191137
1133849
1093215
1098349
1133079
1172112
1189787
1152100
1146041
1134225
1136309
1174954
1227685
1254733
1235386
1178161
1128627
1127274
1102859
1086165
1092769
1121616
1155591
1131335
1117653
1103702
1039752
1017967
1013099
1014693
1041952
1051534
1026829
988727.8
946666.5
931737.8
936364.3
966349
1002639
1005378
986882.8
939789.3
883571.8
862151.8
881589.3
918884.3
955440.5
964492.3
941807.3
904779.8
870389.3
860827.5
910578.5
989739.8
999331
958763
905274
844413.5
832314
892480
963624.3
981741.8
951590.8
873725.8
793832.3
761716.3
769588.3
816776
864577.3
861385.8
835957.3
773604.8
724674.3
727041
748826.5
796605.5
816500.8
777623.3
747190.5
718487.3
702291.3
712879
716071
719500.3
724179.8
709778.8
695241.3
702779.8
713329.8
715968.3
707832.5
680464.3
660639
668382.5
683706.3
706827.8
718134.5
697270
660244.3
628082
611471
636417.3
665238.5
677509.8
667557.3
622137.3
584630.8
588531.3
606750
642689.5
662378.3
635570.5
607512.3
577324.8
551715.8
577347
606309.3
598932.8
590084.3
577578.3
552213.3
529548.3
511363
515401.3
538650.3
545825
542673.8
528200.5
514588.3
504616.8
497917.5
506368.3
502499
493798.3
476955.8
462068
455194.5
447616.8
438645.5
438622.3
448720
446281.5
442038.8
430225.5
422345.8
427172
424974.3
427772.8
441362.8
434197.3
426549.8
418132.3
411463.5
420187.3
428453.3
435933.3
434265.3
429042.8
424653.3
420920.8
419621.3
425707.8
436418.3
445553.8
442872.8
427155.3
413579.8
414728.8
421420.8
430404
440871.3
437775.8
424018
409333.8
387015.3
381632.5
401538.8
425474
442730.5
449502
444108
432088.5
414820.3
401572.8
401261.3
412020.8
418754.8
416542.3
412898.5
395170.5
377207.8
368021.8
362281.3
372149.3
385529.5
382557
381462.8
368827.8
344817.8
339535
332012.8
334375.3
340527
339728.3
328482.3
325495
309862.3
296391.8
289743.3
293117
300770.8
304538.3
291905.5
277786.5
266987
256596.8
252768.3
255843.3
256007
261781.5
260075.5
255757.8
247141.3
232029.5
226397
218239.8
211281.3
212347.8
215610.3
221854.5
222738.5
215093.5
210631.8
204544.3
194220.8
191875.8
192956.3
191314
193920.5
193777.3
189848.3
186002.3
180529.8
179884.8
178374.3
181507.8
180572
180236.5
177431.3
171900.8
170511.8
167851
163728.3
166572.3
168266
172478.3
170919.8
168506.8
165001.8
160550
154655.8
152000.3
154963.8
157397
155935.8
156649.8
155574.8
155370.3
152949.8
152244.8
149394.5
146301
142260.8
140223
135710.5
134470.5
135612.8
137570.3
134799
132800.8
126969.8
122146.8
116319.8
111778.3
111246.8
116842.8
121243.8
122787.5
121082.5
115442.8
109869.3
102357.8
99074.75
97511.5
96927.75
