120839.3
120587
56342.25
47667.75
50680.75
51419.75
50488.75
46019.25
50741.75
58543.75
66425.75
70333.75
67855.75
65730.75
72507.75
82488.75
86170.25
83798.75
85910.25
90351.5
105881.5
104699.5
111192.3
113873.5
111955.3
117492
129204
142641
142485.8
138962
141189.3
154229.8
170755
184530
184518.5
177869.3
177313.3
184875
200826.3
207651.8
214377
222280.3
226282.3
238003.3
247744.3
271443.8
290545.3
293406.3
300465.5
316810.8
340581.8
360387.3
360721.8
370018.3
370935.3
375941.5
395393.3
411068.3
429909
429743.3
424491.5
438101.3
450689.3
467851.3
459839.3
463454.5
469708.8
479687.5
500506.3
524813.8
559774.5
554928.8
558759.3
561142.3
595296.5
637629.3
687753.3
719889
711618.3
741772.8
764695.5
812917
824859
796416.5
793591.5
791755
836391.5
875075
885133.5
891974.5
909970.3
946319.5
986406.8
1008229
1007947
1002017
1008045
998509.5
1007574
1031284
1050986
1029236
1011871
1079570
1166777
1231908
1241896
1210143
1217698
1253706
1330850
1381314
1363437
1359230
1330373
1340396
1416289
1472481
1481492
1424531
1394905
1441394
1475222
1521467
1510862
1475136
1451476
1490616
1546238
1510836
1490697
1489641
1530706
1631828
1620146
1601372
1534794
1492828
1527545
1638742
1723946
1734529
1706307
1689033
1730483
1801445
1906642
1928553
1889751
1793831
1762146
1829130
1898034
1918422
1877806
1850490
1882399
1968082
2061470
2058352
2044228
2008257
2029270
2099824
2050479
2026264
2070598
2110192
2134927
2040635
2037467
2073298
2071693
2014310
1912394
1914611
1957517
2009533
2023679
1915085
1871694
1880737
1936631
2050284
2065427
2010576
1898437
1848178
1926956
2010357
2037032
1931752
1790584
1728495
1790331
1890150
1893300
1830158
1777261
1831057
1927622
1986466
1993146
1935117
1894443
1909906
1945128
2041969
2055596
1996323
1965409
1930548
1944470
1932989
1844551
1848626
1857306
1917743
1899480
1819697
1791517
1795862
1824755
1807701
1781577
1784088
1754897
1702824
1656919
1733238
1795311
1784869
1733833
1680049
1691196
1768209
1780113
1708070
1640388
1621733
1667934
1706372
1699303
1687350
1683445
1680573
1675273
1672457
1681414
1687696
1672726
1646453
1625732
1616837
1616168
1602221
1577158
1572151
1568368
1567827
1534545
1503529
1505057
1525563
1510477
1480450
1466143
1481718
1495154
1475231
1479276
1483187
1510156
1516616
1491228
1484619
1457428
1469274
1471906
1479538
1464408
1418297
1405265
1424094
1480861
1478209
1441474
1440773
1458400
1481394
1477474
1474019
1494341
1504331
1486309
1457067
1440688
1439657
1480331
1486229
1457743
1465336
1518473
1572877
1559021
1477394
1425176
1447478
1487176
1492757
1450834
1410552
1406853
1420978
1413103
1369365
1367644
1382319
1419212
1440577
1419336
1397691
1382961
1403702
1423986
1427278
1406365
1412864
1450371
1455739
1453723
1427203
1399486
1423986
1424186
1430958
1425741
1421273
1456035
1488025
1503572
1486360
1457474
1481788
1505372
1529565
1560493
1554749
1531712
1506684
1514088
1545965
1556066
1532020
1494990
1484418
1500744
1520087
1510847
1461352
1433779
1435825
1454658
1466194
1463771
1458262
1458508
1457363
1475843
1485814
1477728
1503773
1527620
1556688
1579265
1581776
1562830
1556401
1567462
1586772
1590809
1573866
1558723
1593213
1613066
1614813
1618626
1608139
1608079
1632313
1667190
1686197
1645895
1624815
1641204
1660594
1652199
1635813
1644508
1687750
1744424
1765278
1700547
1606646
1567478
1635516
1729061
1746117
1660848
1567785
1606081
1719632
1793305
1757961
1621038
1567485
1621661
1754747
1869411
1821583
1702590
1650323
1668837
1756062
1817628
1794353
1773383
1747279
1748355
1740202
1717598
1745675
1777918
1775085
1747191
1711935
1739585
1769571
1757736
1712044
1660426
1638957
1672182
1764572
1823115
1796535
1715381
1634362
1640875
1680659
1750712
1767634
1743234
1720808
1712273
1752063
1766747
1742140
1727034
1708068
1732057
1803217
1862964
1805148
1692830
1640883
1661301
1731840
1772888
1736205
1698714
1678423
1683237
1724256
1724136
1694918
1646832
1640256
1696145
1760096
1787980
1758156
1736656
1707921
1702606
1699436
1739436
1788447
1794115
1749035
1667690
1635891
1665693
1693529
1722678
1686621
1623423
1613426
1635424
1699745
1743294
1713155
1664970
1632463
1668928
1771539
1864218
1903201
1812405
1713265
1679654
1683776
1767327
1804901
1766183
1738508
1708345
1754087
1826573
1806963
1736706
1661028
1667068
1736757
1798998
1810210
1777393
1741633
1743298
1765209
1793399
1785882
1722662
1683466
1684727
1710161
1743010
1715909
1641931
1607186
1594057
1632463
1699682
1717365
1666848
1593527
1578180
1591996
1596825
1613723
1609102
1559823
1519365
1520971
1545930
1556152
1529803
1491696
1471619
1483299
1535293
1593244
1602376
1571452
1500360
1466949
1486868
1557823
1649561
1649557
1575007
1494745
1456885
1487096
1553702
1597128
1564908
1513470
1503654
1524657
1548113
1549067
1527021
1514175
1530984
1539980
1544515
1554578
1539069
1513220
1496857
1504607
1505600
1518801
1522006
1520096
1522207
1516249
1494206
1441638
1412630
1391171
1398548
1423820
1435262
1429758
1413108
1395401
1426201
1452579
1447639
1436370
1394392
1368417
1388877
1428200
1471523
1450423
1404290
1374158
1377598
1439014
1482457
1481682
1450077
1415998
1420613
1450928
1471140
1486607
1447373
1410553
1426337
1456601
1499345
1499934
1457273
1407755
1393487
1442002
1490441
1493336
1443113
1380461
1354458
1374942
1401066
1384645
1343917
1305043
1308515
1324756
1339077
1319228
1281444
1250699
1242649
1256894
1274915
1258823
1221922
1200166
1209585
1209025
1216298
1210306
1199928
1205165
1209448
1214576
1213221
1214262
1194623
1183368
1190058
1202737
1216164
1196515
1186597
1167036
1167104
1173654
1180742
1174501
1153134
1149132
1145006
1148385
1140060
1142908
1130213
1112879
1109150
1098074
1106715
1113361
1113275
1092295
1079923
1076272
1087444
1093131
1105735
1110520
1104622
1108130
1090655
1083436
1079748
1098929
1105625
1104345
1082977
1066953
1066643
1078715
1080057
1080022
1072965
1051407
1043554
1052232
1067712
1071516
1063770
1039082
1014578
995505.5
983055.3
994548.8
998664.8
1000395
980300.5
966478.5
942679.5
946074.8
943612.3
962780.5
956677.3
926393.3
909345.8
904005
913917.3
917417.8
912077
894911
885465.8
865811.3
862920.8
879996.8
889328.3
885698.8
849543.3
827768.8
818101.8
806036
817571.3
822223.3
809061
798715.8
787354
785496.8
799279.8
791490.5
783701.8
767860.3
745961
737983.3
737389.8
750310.8
764621.3
756955.8
737915.8
724985.3
706588.3
704112.5
722684.3
742839.3
762455.8
762337.3
729927.5
711610.5
710327.8
705639
713623
726774
728745.5
715694
688276
664696.3
651873.8
654566.8
670949.8
681496.3
676512.3
657728.3
640656
627053.3
620529.8
627469.3
635564.8
632806.3
624225
611738.5
616201.5
617056.8
607215.3
607246.5
606627.3
602807.3
604351
601355
597168.3
598515.8
602678.8
601945.3
602343.8
602421.8
601728.3
606444.5
599068.3
589715
589842.5
577082.3
573071.8
574858.5
583030
585988.3
575246
552923
543597.3
536242.5
533757.8
542369.3
538361.3
528462.8
529983.3
522022
518453.5
517198.3
509430.5
507076.3
505448.8
496975.8
497379
493021.3
485644.8
484888.3
490470.3
487953.3
477664.3
460431
445905.3
445354.3
453957
462705.8
466796.5
459372.3
441784.8
430325.5
421640.3
416343
415734.3
412219.8
412088
403310.5
396684.8
388189.5
389594.3
393980
393445.5
388726.8
379293.5
372365.8
371956
375470.3
383504.8
396142.8
391833.3
380377.8
366724.3
352439.5
360687.3
375141.3
386429.3
392853.3
380966.8
364201.3
352376.8
345365.3
350975.8
365018.3
377485.8
376708.8
367655.3
352175.8
339044.8
338120.8
336156
338055.3
343051.8
334530
331745.8
320851.3
310232.5
309194.8
314566
312306.5
310986
309400
303568.5
304388.3
298756.8
296065.3
293972.8
287378.8
281358.3
283426.5
281406.5
276771.8
274249.8
269461.3
269809.3
268909.5
267841
260558.8
257443.8
251521.8
251951
250140.8
251551.3
248659
245480.3
239470.3
240767
236558.3
234511.8
228815.3
228381
228418.8
226950.3
222885.5
222094.5
217959
215660.8
211356.3
211575.3
209835
216561.5
213903.5
213393.8
214773.3
206801.5
203549
200627.8
196049.3
196639.8
196094.3
200910.5
204650.5
200337.5
195875.8
193596.3
184700.8
181879.8
184864.3
185126
184400.5
186161.3
182708.3
177434.3
173389.8
172268.8
171710.3
172939.8
169624
166908.5
163627.3
163332.8
158135.8
158331
157540.3
156576.3
155890
154390.3
149499.8
145182.8
141677.8
140558
139423.8
139148.3
139255.8
135025
131659.8
132373.8
128442.8
130142.3
127245.8
126540.8
124642.5
124881
121316.8
117375
115718.5
113526.5
113240.8
110438.3
111951
109000.8
107453.8
105486.8
102039.8
99878.25
100298.8
99706.75
99823.75
98987.5
98710.5
97354.75
93209.25
90933.75
86698.75
86563.5
85027.75
