140831.3
141531
71574.25
66231.75
72576.75
79979.75
75716.75
61727.25
63117.75
76631.75
94985.75
97465.75
85467.75
80010.75
86311.75
100576.8
107114.3
106170.8
109234.3
112723.5
124445.5
138019.5
156412.3
158617.5
141943.3
142244
161096
186909
195797.8
186086
171653.3
170413.8
191699
223562
251158.5
244985.3
235861.3
222955
237478.3
258583.8
271497
287492.3
284830.3
283699.3
289632.3
325231.8
382889.3
390510.3
379481.5
381070.8
417217.8
462727.3
467821.8
471406.3
472323.3
498749.5
522961.3
536256.3
560809
544459.3
520167.5
512357.3
547793.3
616363.3
619775.3
586262.5
546344.8
555847.5
620934.3
700933.8
773498.5
764844.8
742971.3
726790.3
789980.5
890861.3
954313.3
930757
867746.3
886000.8
980799.5
1102325
1115695
1052029
1007792
1014047
1053924
1061667
1066490
1050959
1120838
1239536
1318179
1296209
1207867
1190037
1214153
1217470
1224154
1239772
1256142
1200596
1201319
1294246
1389069
1480380
1488464
1486223
1510914
1529310
1597410
1678814
1788981
1848558
1773529
1676928
1665237
1808537
1839920
1779627
1695737
1647978
1706082
1819443
1916890
1898300
1786104
1754796
1803754
1822140
1834845
1794757
1804406
1911716
2001898
2087844
1952722
1804608
1729369
1836282
2033346
2157217
2271795
2198829
2088911
2063245
2241270
2554969
2578047
2413583
2190070
2156618
2319294
2394898
2388078
2318874
2220359
2173714
2213790
2370608
2555452
2590881
2519550
2498236
2535047
2537964
2576110
2650928
2679471
2676095
2729571
2805386
2831865
2716886
2536430
2433451
2514437
2719725
2761955
2543881
2391962
2492397
2760111
3023228
3169747
3136792
2988001
2881574
2848016
2941413
3030920
2969908
2685464
2300647
2217779
2427554
2601112
2596994
2494117
2480321
2518338
2574802
2638602
2715757
2781707
2714346
2646752
2830225
3057576
3120159
2898369
2647880
2585166
2618429
2618527
2528830
2395186
2435631
2511616
2611285
2751609
2838302
2798651
2691157
2700733
2900784
2962985
2720036
2364255
2287778
2478371
2668325
2617289
2346449
2144348
2208033
2401769
2453010
2352960
2331925
2461426
2563172
2513263
2501786
2649725
2753477
2707717
2531161
2508702
2709668
2790850
2629869
2392568
2318461
2438696
2536133
2473942
2393727
2528460
2665483
2715025
2685437
2647457
2757927
2744269
2709006
2649479
2599842
2563298
2432943
2308468
2295243
2425504
2539064
2447988
2242411
2181900
2325122
2495782
2499606
2350244
2245109
2232553
2318974
2449997
2547781
2597202
2473693
2384220
2414830
2536574
2702575
2681485
2533919
2348821
2310535
2445524
2484953
2462795
2310661
2305499
2493496
2608037
2789533
2888965
2864458
2733224
2618438
2677652
2840313
2962134
2800948
2602565
2554334
2564547
2552225
2412464
2186283
2223652
2392577
2483672
2459171
2305925
2342850
2515454
2565870
2450709
2379144
2529939
2695243
2740827
2508675
2313882
2430250
2553734
2561458
2332997
2126229
2303315
2691353
2922528
2681120
2230498
2192456
2443092
2695765
2718601
2521505
2383752
2420604
2558432
2662185
2586606
2507820
2484594
2575886
2706928
2720559
2700371
2670868
2623779
2508253
2410466
2428190
2570947
2674442
2504280
2312259
2363107
2428770
2518264
2510037
2447728
2555336
2672161
2809856
2799002
2745925
2779834
2737264
2726545
2675806
2722543
2832717
2842574
2859077
2812434
2829555
2889471
2905137
2924782
2845257
2833991
3082803
3361944
3465110
3238707
2956237
2982068
3274734
3569884
3568366
3276107
3050830
3008330
3126348
3235125
3228381
3127880
3040053
3055501
3202372
3321265
3301153
3190410
3111153
3119157
3148951
3199355
3246727
3228646
3215887
3162525
3020318
2949556
2889629
2865803
2804951
2703687
2625086
2560594
2599143
2699930
2727085
2652067
2517803
2465009
2537835
2679272
2759244
2656218
2498613
2476146
2655168
2897923
2988439
2734497
2401674
2372963
2576967
2892160
2930978
2715702
2566184
2571453
2843055
3046711
2933092
2711402
2598188
2880169
3353549
3586084
3294076
2862838
2887051
3283033
3682012
3721156
3295581
3084350
3323003
3604849
3696324
3362528
2965362
2969636
3217720
3448301
3389920
3191228
3181396
3356960
3532905
3486178
3221208
3068428
3130291
3360155
3503095
3275618
2927279
2842365
3052509
3298714
3167933
2792479
2611598
2716896
3063009
3256974
3082131
2852114
2729167
2877016
3209535
3401222
3382609
3153773
2968953
3011978
3098924
3235311
3260033
3230359
3310260
3228213
3136391
3107489
3106443
3256574
3286568
3205024
3063369
3056590
3288666
3567153
3675145
3414534
3125141
3089071
3243394
3431026
3376122
3112727
2902065
2881602
3027289
2990915
2770054
2542725
2395967
2586470
2837393
2871604
2745447
2452116
2290764
2398409
2614275
2733890
2528959
2205757
2121207
2263738
2494824
2557487
2377056
2182763
2132563
2284993
2576184
2734780
2641024
2329076
2116689
2226572
2525531
2771969
2741025
2500351
2304421
2344149
2488600
2553302
2480584
2286048
2190342
2308570
2528065
2669569
2548667
2272437
2160107
2300200
2529584
2603139
2413282
2176433
2098700
2207049
2377591
2403336
2312293
2195546
2094152
2055327
2071265
2061122
1993798
1940038
1907155
1892160
1875544
1865566
1881958
1873400
1848553
1879353
1882407
1880799
1863342
1760912
1760641
1817753
1870404
1958947
1956887
1876482
1801130
1805998
1910730
1989397
1992430
1944165
1850110
1833781
1911696
1977128
2019251
1927181
1771361
1764773
1855489
1957257
1982598
1900429
1766659
1696699
1765206
1926457
2010748
1934345
1776017
1653862
1683390
1798526
1848269
1810397
1701075
1609347
1592744
1668469
1768096
1800760
1764303
1688661
1616274
1614303
1620107
1597486
1582870
1586577
1550793
1534742
1526846
1514088
1514089
1529320
1573956
1594021
1570786
1517827
1477060
1486606
1534509
1605056
1600639
1551213
1486908
1484120
1550646
1653410
1692389
1624850
1568964
1534374
1534897
1533236
1535132
1518629
1465595
1439494
1473162
1502271
1500349
1461707
1377419
1351719
1358064
1394464
1383015
1305655
1253796
1238854
1286630
1334843
1349996
1292520
1217929
1172741
1200497
1258621
1285913
1277987
1229607
1160501
1132858
1158169
1206107
1256326
1265956
1207656
1141012
1115178
1129046
1184034
1217798
1206775
1186377
1130517
1095119
1111201
1155927
1198292
1215491
1168760
1146993
1132797
1131549
1183998
1241489
1274249
1241098
1167213
1108635
1105378
1094767
1100921
1122281
1143036
1157971
1112771
1089093
1086566
1045464
1033199
1024999
1012313
1023864
1025354
1009217
986347.8
954758.5
941733.8
940648.3
960637
995023.3
995381.8
976886.8
939313.3
890235.8
868815.8
893965.3
929832.3
958772.5
960684.3
940379.3
902875.8
881813.3
887483.5
939138.5
1003068
999807
943531
888138
848697.5
858018
928656
993612.3
991737.8
943022.8
852781.8
789072.3
777900.3
801004.3
851048
887901.3
859957.8
815965.3
759324.8
722294.3
739893
771674.5
815169.5
826496.8
775243.3
738146.5
715631.3
708955.3
724303
729875
731876.3
732747.8
712634.8
694765.3
698971.8
712377.8
719776.3
713544.5
689508.3
673015
677426.5
689894.3
703495.8
713850.5
698698
662148.3
635698
622419
642605.3
669522.5
677033.8
668509.3
624993.3
593198.8
597575.3
613414
647449.5
665710.3
639378.5
610844.3
583988.8
558379.8
587343
617257.3
615116.8
605792.3
589954.3
558401.3
536688.3
520407
524921.3
553882.3
562485
556953.8
536292.5
516492.3
502712.8
499821.5
512080.3
516303
504746.3
485047.8
463972
450434.5
442856.8
437217.5
447190.3
457288
451041.5
443466.8
423561.5
411397.8
418128
421642.3
425392.8
438506.8
427057.3
414649.8
405280.3
396707.5
405907.3
417981.3
426413.3
428077.3
418094.8
407993.3
403784.8
400581.3
409999.8
419282.3
429369.8
426212.8
410019.3
395967.8
396640.8
407140.8
411364
421831.3
416831.8
402598
390769.8
373211.3
372112.5
388210.8
409766
419406.5
421418
417452
405432.5
397208.3
386340.8
389361.3
397264.8
398286.8
395598.3
389574.5
376130.5
363879.8
357073.8
353713.3
359297.3
370297.5
368753
365754.8
355499.8
332441.8
326683
324872.8
325807.3
331959
331160.3
312774.3
312643
299390.3
289251.8
287363.3
293117
299342.8
299302.3
283337.5
270646.5
256991
251360.8
249436.3
255367.3
257435
261305.5
256267.5
249569.8
240953.3
228221.5
221637
216811.8
212233.3
214251.8
213706.3
219474.5
219406.5
209857.5
203967.8
199308.3
192792.8
190447.8
191528.3
191790
192492.5
191397.3
186516.3
180290.3
177197.8
172744.8
176470.3
177699.8
178192
175000.5
174099.3
169520.8
164323.8
160711
159920.3
160860.3
163982
165814.3
165207.8
161842.8
157861.8
153886
148943.8
147716.3
146395.8
149305
150699.8
150461.8
149386.8
147754.3
145333.8
143200.8
141778.5
140113
137500.8
136891
132854.5
130186.5
130376.8
129002.3
128135
127564.8
122209.8
119766.8
114415.8
110826.3
110770.8
113986.8
117435.8
118503.5
119178.5
113538.8
107965.3
100929.8
94790.75
94655.5
94071.75
