238411.3
238159
93946.25
90507.75
119700.8
145667.8
159016.8
145979.3
129757.8
127563.8
132113.8
126501.8
128783.8
139510.8
162947.8
200536.8
215166.3
208034.8
193962.3
168415.5
162049.5
180859.5
221148.3
259529.5
284743.3
296468
296280
276397
239589.8
202270
208305.3
270373.8
357823
462038
528666.5
488697.3
404841.3
317203
262706.3
277623.8
343849
425056.3
507598.3
589291.3
586180.3
563231.8
533305.3
418118.3
361393.5
404870.8
545737.8
771651.3
910977.8
939790.3
876447.3
719137.5
558185.3
492464.3
527965
635375.3
822903.5
963129.3
1085673
1168523
1015331
809030.5
696284.8
632483.5
737078.3
1014618
1273299
1434101
1506475
1345590
1123657
959881.3
832933.3
827465
993886.3
1314877
1770484
2151429
2108155
1756985
1313860
968827
937303.5
1148775
1431106
1752107
2139954
2348616
2203063
1852653
1446343
1200033
1270797
1601602
1982898
2310772
2502786
2329192
1994811
1782622
1528537
1391844
1552724
1884159
2282986
2720738
2978286
2858342
2535349
2070850
1579321
1511756
1963689
2649629
3197472
3502271
3346505
2793234
2243010
1836103
1611774
1666012
2072656
2729644
3316482
3639032
3591285
3070437
2419874
2024052
1852910
2078324
2443954
2823248
3141185
3438498
3505138
3192041
2754935
2261185
1992283
2266021
3153286
4129101
4746227
4841659
4194982
3171926
2446386
2127862
2123422
2373614
2911511
3463198
3881694
4256520
4330456
3759937
3020302
2510612
2423187
2890680
3679002
4413556
4905247
4912343
4252295
3269486
2524369
2228986
2507870
3217899
4077621
4833165
5277615
5033361
4258358
3356337
2552099
2326364
2682799
3357656
4210845
4957410
5396996
5359493
4734524
3550152
2427472
2037895
2420555
3214382
4117172
4800874
5130205
5056909
4339038
3251674
2508654
2158361
2321415
3032790
3959084
4804673
5399496
5463031
4321609
2942524
2314798
2296177
2744667
3437990
4013110
4527651
4846872
4728533
4173897
3365710
2504007
2265613
2919217
3898956
4710857
5163344
4899431
4134182
3314703
2555989
2012293
1913765
2324752
3128141
4011601
4642134
4808644
4507721
3872290
2975864
2263839
2106230
2555953
3436061
4298033
4809773
4939634
4673644
3734282
2657477
2036996
2009537
2666224
3508601
4094722
4518591
4833252
4629935
3850285
3025301
2329489
2237183
2766641
3574374
4281207
4817050
4996134
4346939
3266656
2409007
1925704
2037360
2595072
3230111
3898832
4559942
4901010
4513086
3580704
2566409
1863653
1897714
2441905
3195617
4036150
4663293
4862276
4518274
3768462
2874887
2106477
1906075
2181745
2937427
3906844
4638377
4900867
4465037
3678283
2907140
2317677
2244989
2456757
3031534
3816124
4505302
4979588
5140821
4640986
3300748
2201297
1859374
2095211
2845917
3674816
4193575
4554624
4696893
4133488
3088919
2219769
1813062
1970434
2756270
3614529
4271720
4830447
5096187
4474419
3092727
2156802
1836678
1966350
2711874
3480157
3984533
4535279
5027085
4868892
3545060
2324270
1850212
1956144
2751457
3676313
4250337
4578112
4820596
4573816
3660833
2682758
2056572
1856274
2406906
3407600
4276127
4913771
5269828
5015203
3864377
2717962
2025494
1794591
2144178
2829388
3596507
4325655
4844470
4988228
4399757
3342132
2529156
1996717
2054920
2678098
3578925
4409182
5015400
5280761
4760686
3828291
3022641
2245670
2026553
2558250
3473107
4336035
5030477
5469954
5243821
4253899
3404103
2694592
2265114
2403327
3093325
4058304
4938830
5595740
5996918
5602795
4379346
3211106
2455664
2375945
2856625
3550092
4310021
5010433
5551432
5798845
5321773
4172874
3026425
2419437
2569659
3296935
4156839
4901310
5474507
5776241
5388418
4379460
3253769
2453111
2229467
2527091
3095850
3742978
4411275
4914758
5022357
4573203
3738743
2926253
2440731
2473164
2905376
3453518
3987065
4473918
4847624
4874275
4222231
3110061
2324086
2272527
2807351
3721352
4486070
4877218
4872880
4623965
4284383
3577451
2746024
2451030
2613896
3268585
4245097
5063112
5546032
5398966
5114731
4718173
3808152
2852456
2414505
2636434
3442955
4437373
5230472
5713492
5564798
5144480
4471028
3431641
2671636
2534348
2807260
3567352
4503469
5227862
5599780
5564096
5220407
4429251
3367435
2663958
2498879
2785721
3626565
4562494
5209497
5248639
4793106
4286744
3597081
2785258
2352423
2481786
2940987
3862336
4773195
5443262
5820205
5592321
4647329
3517014
2672904
2469903
2665509
3237975
4113748
4865653
5409291
5663609
5483587
4961130
3857768
2731880
2310813
2532514
3206318
4168817
5004613
5564626
5696493
5436227
4879406
3874182
2740662
2145495
2210437
2755938
3644185
4447475
4995830
5082661
4533207
4043506
3443341
2522220
1966711
2074172
2634436
3420857
4289795
4973470
5041287
4101189
3291691
2803522
2268724
1937259
2185228
2765387
3361595
4070945
4786728
5179516
4692108
3555728
2721685
2211340
2016211
2387361
3075177
3643227
4050389
4492813
4790536
4496810
3533972
2611632
2118942
1982034
2229613
2887101
3540651
3906069
4103615
4376988
4557820
4215827
3271986
2465841
2093464
2030929
2300003
2867436
3491345
3908194
4022428
3927435
3636829
3080714
2422674
2011914
1941903
2109692
2471020
3022722
3571282
3814052
3671633
3362093
2857255
2304915
1946642
1792804
1921053
2330881
2957112
3594007
3954659
3974690
3648962
3065970
2493830
2059369
1802982
1755669
1920558
2389273
3074088
3685492
4023211
3867357
3331689
2832917
2402889
2064833
1918338
2029425
2251227
2519703
2987098
3585317
3867148
3495149
2866533
2438786
2203658
2012250
1987261
2260693
2578819
2731279
2815588
3053153
3264640
3099764
2629195
2252721
2138922
2125051
2074211
2100142
2329714
2653769
2792677
2767582
2709230
2637924
2392785
2040544
1900492
2016233
2214814
2376055
2530448
2724206
2875877
2844084
2498375
2059581
1751564
1675948
1806258
2142262
2572989
2867210
3023620
3013782
2836281
2432400
1999708
1699033
1580311
1634178
1869194
2270535
2669881
2836395
2732115
2653103
2519980
2209852
1788091
1542703
1543204
1561106
1656482
1957927
2381488
2545828
2395553
2204233
2219137
2156833
1825221
1508371
1469511
1549393
1584582
1710805
2059575
2419670
2449768
2122052
1829308
1741594
1626466
1477250
1524818
1815579
2062217
2061097
2035695
2097949
2098407
1889920
1627707
1447696
1412601
1394121
1483789
1803274
2202533
2454729
2427766
2252017
2006371
1741790
1428443
1224205
1197013
1277744
1415963
1572587
1862593
2156614
2184532
2039463
1841339
1624449
1381816
1146258
1044917
1101064
1210371
1376322
1596100
1855993
2043175
2014974
1799415
1522413
1291028
1120620
1004873
1007420
1208673
1481904
1643907
1658764
1651505
1677168
1658851
1450984
1145939
1004459
1038554
1076702
1136002
1368004
1705708
1895662
1800299
1524418
1296488
1206300
1135156
1011936
949781.3
1039886
1217709
1314341
1356326
1448657
1509475
1482522
1345337
1135099
975670.5
885563.3
877935.3
945643
1044987
1157896
1236356
1270507
1267869
1228284
1126974
1008708
949164.5
927984.3
912919
915426.5
983110.3
1114760
1231263
1233246
1147668
1089802
1056531
985801.3
876106.5
800317.8
818925.3
853949.3
877370.8
914115.3
1021822
1179618
1247382
1125375
958800.3
856260.8
782575.8
720147
667713.3
689372.8
809996.3
935054.3
973473.3
959852.3
957375
981881.3
965146.3
848561
722601.8
654816.5
637872.3
626948.8
654521.5
750556.3
861879
935050.3
941055.8
895704
830758.5
756540.8
673313.5
600938.3
562960
560045.5
597214.8
647281.5
713657.8
798452
842426.3
849508.8
822638.8
738837.3
630753.8
535228.3
472391.5
466359.3
508421.3
582065.3
673693.3
746534.8
800693.3
821712.8
799945.3
740343.8
646334.3
557889.8
503324.8
479039.3
472603.8
498028.8
583260.8
714100
817863.3
827619.8
786254
729681.8
638819.3
550612.5
490550.8
444038
429402.5
477586
558824
631532.5
683760.3
740484.8
794437.3
808052.8
754334.8
645974.3
536182.5
446102.5
393391.8
379445.8
398933.3
463065.3
554509.5
642453
715138.8
723447.8
676589.8
626087
555256.8
470511.3
405739
372572.3
340858.3
347867
384594.3
452519.8
513463.3
562533
591130.8
603466.3
561321.5
499126.5
431207
376072.8
330832.3
317723.3
324551
352221.5
383359.5
414265.8
438493.3
426237.5
409181
397691.8
383593.3
357051.8
326042.3
312770.5
310798.5
324097.5
352479.8
367336.3
360820.8
355619.8
359080.3
355058
340528.5
311349.3
285524.3
275014.3
273349.8
284128.8
294994.3
313359.8
337176
353500.5
341175.3
311368.8
277611.8
259243
243220.3
236544.3
229194
232930.3
256599.8
291314.8
318273.8
325246
316971.8
302892.3
290147.8
264021
232571.8
201393.8
185086.8
185358.3
196265.8
214124.8
238882.5
265777
285060.8
293495
285174.5
265846.5
247472.8
223250.3
200011
173736.8
161241.8
165938.8
174867.8
189842.3
206446.8
230606.8
246431.8
252735.5
239606.5
209690.8
173653.3
145673.8
132394.8
128451.5
131675.8
