16.07161
4.278763
13.81923
27.81316
35.21699
24.90655
29.46009
29.47362
32.66731
40.96935
41.17156
38.02976
42.84754
42.40807
49.49861
41.06209
50.28883
46.60289
33.44897
36.54556
40.62683
37.09669
49.64055
52.15121
48.90251
52.29313
49.25806
45.8542
42.18114
49.30157
45.67654
49.53934
46.46185
39.19867
45.97059
47.89792
41.16648
44.89645
44.52778
47.78345
44.85866
22.90318
46.61508
47.78756
48.42156
34.12342
38.70745
43.67422
44.84906
39.44093
35.04784
34.59415
48.74361
34.64705
44.44456
33.23888
40.76344
46.70316
38.58956
44.10684
38.80442
37.96928
36.77913
39.15382
45.94841
25.68918
37.65354
43.41151
39.75193
46.71829
34.70584
37.84831
32.95076
42.09681
43.11597
45.19642
34.82915
45.81384
44.08982
45.28758
34.22318
39.5841
44.13905
40.5051
33.47918
40.2974
45.9463
47.23381
38.08509
30.36706
40.50953
43.20746
38.0628
43.72623
23.98262
38.9411
31.97254
45.51081
36.92891
44.8729
42.51611
36.0768
43.72247
44.3513
40.93768
42.10617
35.321
37.42736
42.87506
38.65712
41.33658
34.99089
36.06718
42.65289
23.11161
42.74123
38.69771
33.48946
29.56446
39.41588
35.50977
43.11241
40.49184
34.02913
32.27183
28.78479
41.22215
39.01528
34.31616
38.27712
36.13579
39.94457
29.46448
38.11802
36.5276
37.57619
35.55513
34.14123
38.23254
36.55381
36.82598
34.54727
27.81492
36.59139
32.55404
28.23682
26.30112
32.00517
39.76474
26.41629
26.34555
31.84975
36.89962
38.02405
30.1427
33.92542
28.36641
29.1235
27.4212
21.06912
35.9645
25.18811
37.12301
36.57983
31.17621
39.89627
39.37261
38.50138
37.37415
33.43207
35.00016
29.19315
30.49667
27.01224
31.83972
18.16399
32.30563
24.55321
34.22168
25.35258
33.50862
31.45488
32.78482
31.58399
25.69933
35.30746
31.60284
18.46432
32.52371
24.35921
35.27967
27.14864
30.24594
22.47305
36.02879
20.5345
31.10578
31.36774
20.44566
29.44153
36.02577
4.639362
25.56163
25.11399
38.27428
31.83758
29.89451
34.64621
33.5025
29.77741
33.42744
35.49851
28.72282
27.31441
22.46991
29.41589
23.90311
34.32121
0.696846
30.94228
34.99966
34.36171
0.8253021
29.0342
28.57365
22.89878
33.49288
26.49202
21.52191
30.36798
30.23421
34.18268
23.53608
31.56163
34.10225
32.05138
23.09888
31.51768
21.67287
27.49177
32.38597
25.8811
11.30713
23.50575
35.16108
24.50797
24.13266
26.31523
33.03415
29.20048
30.95275
32.08599
28.49524
27.88856
37.03111
29.15498
27.81838
31.12582
29.15818
34.61487
30.94117
33.2945
32.12963
25.72384
29.94067
28.46833
29.03896
30.74692
36.20938
30.66484
28.88235
30.18901
7.394608
32.62613
32.74091
34.43602
34.14708
14.88466
26.87867
27.63235
29.59747
29.85431
31.8494
27.30964
31.72595
21.61278
34.5
23.80452
26.11993
16.65662
26.83087
29.03133
29.91892
36.84526
35.4928
32.51981
28.89306
34.29961
39.76439
35.01519
43.62628
43.85671
42.19889
35.07927
33.50594
27.03443
38.4826
38.29598
40.90392
43.05237
39.50067
40.54457
37.97041
40.9339
43.38753
43.69314
40.55437
36.12122
33.03203
36.96962
40.64618
36.30032
35.67955
26.23761
37.44558
35.23183
34.98985
34.33866
31.68725
32.95628
33.08658
23.69434
35.08035
33.0965
35.87043
30.68295
31.47729
34.20435
29.86388
26.71497
34.60224
17.19535
31.62823
32.57464
23.02291
31.7649
34.68545
31.94434
35.80545
32.25392
35.76875
34.93905
34.43126
33.91411
25.6026
27.70601
30.68932
28.65542
7.973331
21.03643
20.45102
33.98861
36.38354
21.14477
32.17007
36.30648
38.47409
35.58032
38.25314
41.1456
39.03334
39.43032
38.88315
27.01445
23.93446
36.86412
35.39031
30.26703
38.004
38.10344
35.79352
34.38276
39.64991
36.93541
36.08524
34.55066
10.21614
35.15193
37.31246
31.04573
28.41959
27.46023
20.46995
36.94368
34.07473
29.1095
27.3213
30.80097
29.80004
29.35745
29.73956
37.34384
34.33865
27.07762
29.23415
28.96799
19.77879
31.28691
33.36659
29.67468
26.22139
30.2379
34.4655
27.40997
30.05438
28.24861
24.14426
28.67387
33.58164
31.91286
23.20093
32.07479
18.46736
15.3959
17.7611
32.78918
26.3906
25.99657
27.46646
37.86302
30.74099
34.84473
35.47941
27.83374
36.82071
28.09212
35.7559
23.29284
17.3028
33.51403
30.6791
29.1604
31.3612
32.20163
26.09607
23.71598
33.97378
29.99834
31.89232
37.14547
36.34577
27.21764
32.15053
33.39606
32.54166
31.02546
30.08815
21.04626
36.70699
32.18861
23.88211
26.82104
25.12857
26.64981
30.266
22.61003
26.66522
28.65025
20.07146
35.33084
10.67215
25.17944
28.01698
27.07342
30.54898
20.7178
32.22013
29.43
36.13268
33.68414
37.25242
37.17498
20.76542
15.08168
27.64786
28.69296
27.76984
18.69758
34.28891
36.5492
28.69349
29.0501
26.65937
31.09476
19.26391
30.40022
35.8152
30.87656
28.54168
21.8622
28.71692
11.61827
32.32531
31.3301
32.57116
17.67288
28.66309
29.14267
34.11269
32.31192
33.38071
39.22179
