22836.5
22747
3405
1815
1934
2116.5
2234
2268
3262.5
3368
3910.5
4035
4825.5
5190
5709.5
6226
6495.5
7006
7542.5
7468
8020
8658.5
8993.5
10006.5
10277
10790.5
11160.5
11928
12556
13133.5
13779.5
14825.5
14923
15649
16473.5
17225
17966
18954
19715.5
19922
21312
22565.5
22733.5
23944
24586
25933
26656.5
27820
28594
29707.5
30155.5
31279.5
32677.5
33628
34974
35990
37240
38581.5
39659.5
40781.5
41687
42492
44238
45390
46880
48348.5
49534.5
50926
52528.5
53987.5
54917.5
56037.5
57521.5
59077
60853
61855.5
64080.5
64848
66531.5
68242.5
69286
71466
72681
74401.5
76027.5
77269.5
79262
80557.5
82084.5
83762.5
85188.5
86937
89175
90330
92590
94699.5
96680.5
98384.5
100066.5
101494
103687.5
105168
107402
109637.5
111028
112921.5
114365.5
116624.5
118148
119799.5
122266
123899
126225.5
127076.5
129533.5
130806
133044.5
134458.5
137155
139471
140983.5
142534
144185.5
145733
147796.5
150119.5
151150.5
153128
154659
156668.5
158195
159545.5
162054
163774.5
166265.5
168149.5
169458.5
171410.5
172002
173800.5
175605
177100
178830.5
180523.5
182086.5
183419
186538.5
187340
188854
190954.5
192132
193583.5
195721.5
197247.5
198711
201014
202480.5
203717
204715
205807.5
208153.5
208996
210652
211537.5
213165.5
215385
217024.5
217720.5
217829.5
220630.5
220981.5
222259.5
221935
223731
224728.5
227098.5
227883
228198
229682.5
228141
227531.5
225775
225594.5
226666.5
229426
232257
234413
236066
236593
237042.5
236591
236806.5
236471
236120
237011
237297
238377.5
237623
237973.5
237837.5
238430.5
238302
238033.5
236984
238025
237707
237405
237927.5
238118.5
237879.5
236415.5
237056.5
236124.5
237329
237434
237159
237610
237391.5
237302
236500
236723
236136.5
236205
235855
236068
235677
235646
236469
236625
236951
236215.5
235401.5
235913
234714.5
235722
235577
234686.5
234630.5
234115.5
235383.5
234800
234514
234186
235268.5
234002.5
233115.5
233752.5
233604
233441
234148
233660
234460.5
233677
234657.5
234632
234450.5
234503.5
233920.5
234744
234302
233807.5
234764
233994
234237
234533
234086
234696.5
234444.5
234141
233444.5
233215.5
232530
232420.5
232334.5
233304.5
231899.5
232322
232929
231671.5
231661
231435.5
230835
231891
231359.5
231846
231560
231407
231934.5
230927.5
231394.5
231945.5
231962.5
230947
231893.5
231921
232603.5
231281.5
231398
231506.5
231640
231588
232130
231766.5
232781
232487
231758.5
232813.5
233701
232893
233225
232670
234019.5
235406.5
235056.5
235089.5
235411.5
235176.5
236432.5
237577.5
236894
238595
237704
239245.5
240266.5
238903
240694.5
239526.5
240240.5
240028
239795.5
240025.5
241030.5
240374
241686
240926.5
240943
240847.5
240679
239510
240787.5
239728.5
241251.5
240341
239566
240069.5
240143
240046.5
240729
240043.5
240508.5
240657
240672.5
240774
242293.5
242059
243418
244060
242973.5
245137.5
245450.5
245449
247008.5
246778
248560.5
249629
249622.5
250778.5
252210
251674
252976.5
252869
253790.5
254449.5
255297.5
256339
258064
258316.5
258646
259376
261332.5
261249.5
263099.5
263754.5
264995
266227
267441
268368.5
269507
270328
271664
272015.5
272125
274487.5
273670.5
274955
277657.5
277976.5
280203.5
282128.5
282024
283354
284399.5
285073.5
286885
287307
287648
289067
290613
291439
291289
292384
293393
293940
293762.5
295087
294153.5
294382.5
294071.5
293080.5
292538.5
294563.5
295804.5
298573.5
299628.5
300707.5
301762.5
301331.5
302130.5
302802
302425.5
303088
304270.5
303916.5
304968
305329
306548.5
307194
306893.5
307007.5
308451.5
309750.5
308996
310680
310463
310907
312726.5
313151
313529.5
316007
315106.5
314937
316376
317325
317552
317973.5
318348.5
318778
318647
319015
319280
319420
319677
320666.5
322554.5
322373
321314
322037
322530.5
321557
322133
322719
323955
324429
324277.5
324456.5
325877.5
326711
326458.5
325762
326922.5
326412.5
327823
328374
327758.5
328284
328672.5
327470
325992
327844.5
328480.5
328186
327580.5
328767.5
328004.5
327671
327729.5
328765
327358.5
328387
327886
329068
328099
328633
327808.5
327935.5
328491
328998.5
328113.5
328465
327642
326537
326757.5
327085.5
326681.5
325423.5
326842.5
326359.5
326004.5
325543
325646.5
324379.5
323537
324286
323505
323437.5
324483.5
323994
323459
324086.5
322801.5
322652
322867
321547.5
320916.5
319137
318980.5
317204
317103
316866.5
315208
315313
316151.5
314961
313648.5
314338
314105
312265
313125.5
313858
312615
311112
312089
310183.5
308677
308815.5
309274.5
308247
308427
308216
306572.5
305499
303078
302092.5
301209.5
301875
299831
298944
299723
297213
295464
295134.5
295098
292887.5
292337.5
292036
290595.5
289697
289169
286742
286736
286359
285245
284559
284105.5
283367
283037
283096
283864.5
283397.5
281420.5
281201
279991.5
279017.5
278770
278772.5
277615
276470
276416
274536
273972
275326
274931
273805.5
273495.5
274346.5
272082
272633
273344.5
272461.5
270895
270416
269471
268156
269209.5
269453.5
267564
268079
268834
267192.5
267276
267607
266698.5
265930.5
267087
267123.5
266353.5
263665.5
263153.5
262579
262268
261853.5
262542
261863
261408
261150.5
260917
261059.5
261572
261468
259695
259980.5
260763.5
259770
257582.5
258168
257374
255580.5
256822.5
255481.5
253980
253912
253935
251866
249830
249554
249935.5
248161.5
247228
247388.5
246133
245723.5
245328.5
244635
242587
242340
242349.5
240861
239757
239192
238240
236689.5
236413.5
236130
233961.5
234429.5
235094
232662.5
232861
233352.5
231996
230373.5
231206.5
231945
230549
230049
231150.5
228303
228067
227862.5
226844.5
225580
225203.5
224855
223346.5
223914
222601
220750
221303
220082
218591
217786.5
217661.5
215160.5
215245
215729
214078.5
213350.5
213370
211832
210987.5
211359.5
210696
208567.5
209487
209103
207150.5
207272
206988
205723
205572.5
205237.5
204697.5
202931
203337
201528
199946
200032
199115
196876
195714.5
194236.5
193138
192874.5
191496
189477
189504
189237.5
187876
186761.5
186077
185352.5
183983.5
183080
183132
182109
181348
180279.5
180215.5
178693
178795
178001
176369
175254.5
175758.5
174889.5
174499.5
173317.5
172896.5
170999
170958
170657.5
168135.5
168256
165949.5
165259.5
164210.5
163718
163490
162070.5
160660
160705.5
160040.5
157611
157628
158269.5
155952.5
155896
155863.5
154278.5
153684.5
152776.5
152617
151304
149262
149273.5
147354
146811.5
146926
145914
144326
144018.5
142903
142550.5
140796.5
140589.5
138886
137501
137147
138060.5
135660.5
134905.5
134974
135085.5
132632.5
132033.5
131664
129828
129916.5
129581.5
128412
127448
127186.5
125902.5
124705.5
124758
124162
123183
121911
121866.5
121396
119419
119141.5
118529
117015.5
116323.5
116273.5
114928.5
113911.5
114475
113767.5
111836
111566
110446.5
109111.5
109056
107938.5
107658.5
106668.5
105630
105318
104483
103641.5
103147
102840
101880.5
101727.5
101096.5
101018.5
99075
98719.5
98798.5
96998
96798
96879
95528.5
95374
94887.5
94225
93835.5
93241.5
92787
92243
91760
91076.5
90674.5
90153
89263.5
89035
89165
88299.5
87372.5
87280
87834
86640
85836.5
86151.5
85806.5
85134.5
84582.5
84724
84221
83140
82735.5
83710.5
82869.5
82032
81570
82148.5
81267
80736.5
80038
80161
79033
78720.5
79191.5
78864
77975
77100.5
77452.5
76601.5
76575.5
76268.5
75984.5
75791.5
75638
74786.5
74096.5
74073
73673
73157.5
73053.5
73256
72558
72448
71802
72268.5
72021.5
71072
70614.5
70202
70639
69803
69138.5
68877
68578
68245
67724
66750
66995
66174
66083
65047
64855
65191
64685
63846
63441.5
63312.5
62749
62188.5
61941
62170
61359.5
61412
60814.5
60686.5
60375.5
59813
59168
58845.5
59257.5
57915
57784
57260.5
56861
55676
56136.5
54986
54775.5
54146.5
53344.5
52813
52483.5
52255.5
51220.5
50832
50523.5
50115.5
49708.5
49087.5
49138.5
48570
47559
47353
47022.5
46158.5
45987.5
45652.5
45020
44464
44115.5
43764
42642.5
43079
42933
42481
41489
40912.5
40318.5
40150.5
39047
38867.5
38580.5
38083.5
37417
36608
35675.5
34924
34715.5
34052.5
34000.5
34465
34059
33301
32992.5
32288
31410.5
31412
30817
30671.5
29963.5
28928
28520.5
28094.5
27309.5
27143
26621.5
26087
25781
24723.5
24316.5
23108
22494
21927.5
