16.7336
5.434143
13.70897
28.81844
35.93517
24.44102
29.22494
33.19274
31.67657
43.04342
41.22365
39.43832
40.92707
42.3522
50.78529
43.38249
50.91749
48.05798
35.05466
35.43171
41.75577
36.09082
49.79149
52.30325
49.99273
52.32845
49.84505
46.48495
41.88873
48.92369
47.07581
49.1889
47.35845
38.87918
46.17797
48.73145
41.21795
45.86013
43.74357
48.22726
45.78648
29.56209
47.30727
47.43275
49.08873
38.85408
36.5985
43.24953
44.41271
39.39845
30.85924
33.08581
49.98783
35.90419
44.95317
32.585
41.08121
47.62372
40.79794
46.03715
42.62824
41.79335
40.24674
40.06637
46.49283
25.6343
39.71172
41.25451
37.87859
47.47515
34.7407
42.08479
30.43972
42.67994
46.0615
44.52764
37.81964
46.33345
45.58374
45.2163
33.90912
40.88701
42.23108
42.32092
41.01795
36.2114
43.07097
46.94512
26.45931
32.58567
40.13669
42.78201
42.93623
38.11706
33.92552
31.67505
39.42273
44.24006
36.2908
43.76267
41.54275
37.41884
39.7057
44.09792
39.59569
39.36666
29.93983
41.00189
45.39683
40.63894
38.76324
32.67029
36.30359
40.60128
35.69265
43.96892
32.66156
35.88989
32.70662
32.49105
31.73612
41.17804
42.61259
36.43535
37.78066
34.13681
40.63629
36.34283
23.81644
35.16594
36.40746
38.49186
34.48337
35.40713
33.44498
31.24382
36.43117
39.03298
42.02271
29.34873
38.01867
35.19535
29.59834
39.43593
36.66945
34.56457
24.67816
34.21009
40.64647
31.25775
30.81718
32.55293
31.31424
32.99519
20.64464
38.31429
6.747654
31.23596
21.17387
23.52795
37.94117
25.24734
29.29826
31.03682
35.90554
37.56205
39.2034
40.73613
35.22736
32.25932
26.76487
25.38659
37.85858
29.30166
34.94321
30.21577
32.48917
33.34357
35.85035
29.18451
29.47361
37.11539
35.89888
26.75907
31.1353
28.83688
27.55122
24.70385
32.23085
36.91681
27.30876
33.77542
9.328972
27.90445
38.26094
23.1695
30.75841
27.25762
6.530403
27.94638
37.37849
26.52315
30.14066
22.40825
34.06552
28.13589
30.30805
30.55719
31.55035
26.98183
23.50363
33.51297
26.23042
24.16769
20.53338
24.74767
28.02716
30.1501
26.05107
23.33317
33.82944
34.8923
25.99898
31.92135
33.70137
14.69792
28.53086
25.46111
33.67091
32.81105
18.09851
34.73993
28.6859
31.89419
33.67315
23.52918
30.18095
30.90199
33.30015
33.73085
27.73797
26.96021
25.88982
25.56894
26.15993
33.03742
33.51776
34.58828
35.90379
27.82284
29.68368
32.95583
29.08251
29.25509
39.45065
33.47453
30.3154
29.6903
32.96513
32.33169
33.46241
28.5196
27.73538
32.24343
34.34432
23.45312
35.52414
35.78479
36.41916
27.45611
25.85606
20.48442
26.89401
31.85142
27.82368
32.33403
29.24901
22.84093
33.26984
24.00085
33.47064
34.26167
26.16964
24.2194
26.79987
30.32459
33.73462
28.53805
32.5787
24.03342
17.71232
29.54101
30.96363
32.42694
39.56666
38.61226
36.98851
32.70704
35.68224
35.12413
42.51112
45.04914
40.20342
35.68761
28.35022
33.32612
32.99317
40.75853
43.49097
41.80499
38.0768
39.73935
39.98484
41.56424
43.02547
47.43126
41.9497
40.4539
34.33652
33.48476
38.88258
38.69363
37.18414
33.25993
33.87123
35.39017
33.46121
28.70302
35.03251
31.49354
36.25843
25.3175
31.36395
37.78587
30.94635
27.03837
34.12489
36.49586
28.91603
10.69254
26.41726
35.64086
35.24297
26.71544
30.99162
28.4329
27.58511
27.44321
35.19666
26.03479
25.67253
24.21267
35.22132
30.18932
28.3975
36.61902
31.12903
15.70966
30.71132
31.83989
29.84295
25.46514
32.20747
15.28334
30.50716
34.64119
30.62068
32.07674
36.00443
36.49738
35.05283
36.7028
35.84767
27.61405
28.35015
34.12163
32.68093
31.49564
34.91631
32.12592
32.36054
25.73912
37.16528
39.7419
39.80051
31.80648
30.5711
36.26781
34.42307
30.81067
32.65487
29.58759
28.19616
33.36346
30.42187
33.73214
24.2096
32.94358
34.24359
33.40545
35.26563
33.49645
26.89381
28.36464
30.58459
23.65159
35.53207
33.91124
35.88133
36.44938
31.72161
30.57383
31.75282
25.79685
29.70527
5.695271
24.35519
29.92412
34.84772
26.63046
32.32008
25.74636
24.38013
28.79535
31.09661
26.59803
29.77732
27.07204
33.30163
34.98226
31.3061
37.87122
36.01287
23.09952
36.63763
31.02231
29.38562
29.74001
26.9525
26.15538
29.57131
30.42186
22.84794
26.55036
33.48399
39.04988
28.49804
30.33138
31.5365
29.06306
26.61632
36.38531
31.86054
36.75792
31.98591
34.07672
14.38523
30.86255
38.1283
32.76661
36.05275
29.72654
35.93759
35.59011
38.39493
34.56923
26.41945
29.83846
28.45227
18.13377
5.497974
30.89135
29.67919
23.80176
23.72751
30.17222
35.89344
32.83434
35.44099
36.1651
36.01041
32.68553
31.22408
31.06911
26.24265
32.4302
13.14298
35.40221
33.86007
30.75226
31.83847
14.0997
33.60224
30.39769
33.64424
24.33905
29.56713
36.7051
30.1174
24.14969
30.16764
27.48307
28.06021
19.12019
24.26368
15.73235
25.72026
28.86242
31.89956
26.8763
25.09077
34.69903
