-17.20828
-27.25165
-13.56116
-1.366776
3.741638
4.181992
2.364403
1.84285
3.884743
11.50226
2.597733
7.874298
12.10825
5.974869
19.52918
11.17474
15.7037
16.54009
9.235458
15.60778
16.99568
26.1112
16.90531
23.10113
19.2497
19.45845
20.88669
22.33246
11.98425
21.51859
10.07018
16.88461
14.21731
24.78757
14.74044
18.41164
17.51689
24.88536
22.91342
21.99973
23.87954
12.60638
18.61875
18.65616
21.44229
11.59311
15.25507
19.93063
18.15972
13.0631
18.82988
22.40649
14.46714
19.7369
11.96616
14.83587
13.94202
10.97028
24.64017
15.21819
22.31069
19.46023
12.65615
23.39236
24.42631
1.518986
19.72522
16.1658
22.66391
20.3427
1.097576
17.63859
18.59177
19.86052
16.84763
7.91367
3.165642
20.07438
23.72171
14.71972
11.73327
20.16947
23.82499
16.08429
23.01348
14.80348
21.79704
20.36883
14.66394
21.8345
6.443989
19.25801
14.86283
12.73305
16.91383
18.35999
25.39798
18.94331
5.585621
23.23856
16.19568
25.18741
16.6638
22.81089
18.22585
20.28321
26.19483
20.73812
20.53028
-1.089996
17.57027
23.76222
20.19761
9.263508
20.19088
16.3503
15.27665
19.88001
15.90695
21.43187
12.47161
25.51094
16.05721
19.64006
14.66039
20.755
21.22763
12.49649
23.03833
15.56964
13.66624
19.9626
20.89975
16.01182
17.73666
25.13254
19.61895
21.9431
16.73019
10.16869
21.02086
19.84883
20.72452
18.91705
7.365463
13.23941
20.90971
13.91823
9.019619
15.92882
14.44112
11.97092
7.478146
16.32388
16.4536
17.79798
18.0815
28.96163
22.76443
17.07522
26.5204
20.59238
23.33299
23.51405
18.14392
24.12278
14.94857
18.39331
17.17266
21.46813
19.00944
16.78735
23.6936
19.19179
11.36584
22.96331
25.28458
17.47853
20.17096
15.85801
20.66545
23.5264
3.064716
16.65449
13.80063
15.40523
12.28888
19.24234
20.20029
3.74424
18.97006
16.97509
8.566849
15.42416
22.06553
19.63798
13.05053
23.35979
14.8707
26.26203
22.7529
17.03272
22.86179
26.33138
20.11437
18.33118
11.44962
20.43869
26.20711
21.50439
22.75664
8.998188
14.87532
17.61893
13.1416
20.02862
25.63668
12.19302
24.40074
18.23158
22.60477
17.46358
14.0433
19.77914
10.67886
16.59663
23.08685
7.236294
18.12313
19.06372
12.07891
17.00029
9.536121
10.73605
20.21097
21.12269
12.18696
22.68462
25.90035
21.51888
20.60881
18.09068
20.87294
16.89923
16.2626
6.025932
21.23574
20.04318
23.89782
24.27197
18.47811
21.50026
18.21528
20.14068
17.3588
19.61113
18.97245
16.74819
17.15074
17.36781
21.55124
7.566292
22.91652
17.14505
13.44778
23.72385
12.45816
20.44443
17.89939
20.06416
18.32693
18.85826
7.64109
14.30329
13.79616
17.51907
10.93755
18.04133
23.07329
22.25876
13.64036
17.75546
27.0872
23.53778
18.08122
17.23054
19.0334
5.765453
7.532562
18.9358
20.10448
22.42419
14.45277
16.30669
20.84039
15.87462
25.04324
25.61114
14.71807
16.19338
25.4436
18.80716
28.41738
18.50231
17.06323
22.75488
24.07508
17.42979
19.83493
25.25404
5.632763
3.057407
18.11858
12.90226
20.28673
16.60334
19.3075
18.07765
14.67134
16.16812
21.4784
20.2893
-1.733467
18.44475
24.37975
22.26769
15.19872
18.08312
25.49969
21.98126
20.36966
16.80495
12.1032
15.96476
6.036499
22.5864
11.14247
17.49435
19.25429
6.252682
18.44544
10.79904
19.89866
23.61123
29.51258
21.9489
7.332485
14.58633
22.00134
23.05202
1.058403
23.82466
5.009991
23.08501
22.78567
18.50158
20.01474
14.69663
21.90679
18.93225
20.92698
25.61839
23.0213
24.25761
25.21297
28.28358
24.67479
23.93612
18.31866
18.90402
27.83061
22.86
27.04704
12.85997
18.62491
23.93002
8.163044
16.38654
21.13346
15.20273
11.98706
18.50439
12.98169
23.78893
24.2731
21.79426
18.18527
22.20395
22.64139
20.68502
8.462246
16.60764
17.03461
23.56357
-8.910007
20.46719
10.24583
11.3499
20.20234
18.27978
25.04401
7.194798
22.16638
18.30951
21.63995
18.15248
21.74354
26.7356
11.20823
16.93979
22.8601
16.94532
26.15361
26.96291
7.820133
25.18636
21.17856
26.00692
25.22445
23.07566
24.24416
21.82441
21.57186
18.56467
17.96493
8.672752
14.26014
17.36865
19.09222
11.56161
18.30626
11.51339
14.92475
13.59169
26.73727
19.93766
20.6251
20.1845
22.05935
25.87815
21.04134
25.09831
12.98034
14.93477
24.22696
18.18019
19.27474
25.93279
26.05677
25.50377
26.76355
12.84109
13.09111
28.79558
26.08638
14.87606
25.86506
15.63643
21.308
16.63091
19.76621
5.448677
19.02438
21.65847
17.56897
22.2035
22.68724
25.60489
22.31293
22.19725
21.4616
22.15713
22.57413
26.73666
25.35094
21.01033
20.51095
19.87476
24.71685
23.49521
23.20403
18.83353
24.97684
26.67429
24.73524
26.95686
19.60258
15.47534
27.7275
21.67001
6.166
19.11113
22.60954
22.47849
24.13412
21.35225
19.62499
27.33884
23.00801
13.97283
28.93056
20.13652
17.7043
22.69759
21.25439
21.59206
19.63366
14.89846
28.85714
23.78744
30.01433
19.96516
