158443.3
157715
130122.3
118591.8
116844.8
116631.8
131884.8
148835.3
138325.8
127087.8
134017.8
143637.8
137351.8
156170.8
198647.8
215292.8
174230.3
156150.8
193010.3
229819.5
202033.5
187523.5
239236.3
286185.5
248091.3
208884
272956
354937
319081.8
240826
282085.3
374141.8
357823
280682
329222.5
463469.3
468625.3
331483
318874.3
455171.8
523777
412680.3
390026.3
527887.3
609028.3
470887.8
395741.3
520934.3
664129.5
576230.8
444825.8
540791.3
736285.8
716070.3
533727.3
533973.5
716217.3
738080.3
548909
512567.3
736271.5
897441.3
726293.3
552579.3
686891.3
896614.5
798624.8
593451.5
663298.3
927985.8
917250.5
651556.8
605883.3
876730.3
1015129
814701.3
676329.3
832225
1001026
879336.8
724711.5
862897
1162819
1166269
948767.5
930271
1171020
1280627
1179778
1152347
1297434
1362820
1212983
1097717
1202631
1315225
1313161
1343610
1477386
1529180
1426550
1444308
1664467
1711222
1429529
1341864
1630312
1845127
1583742
1375562
1754966
2315226
2176445
1519642
1469365
2046304
2350201
1803777
1501960
2076175
2723897
2411006
1701322
1943679
2747510
2938836
2117400
1844284
2491098
3038320
2558841
2015621
2561722
3428728
3455126
2527668
2322098
2914640
3241145
2687846
2218510
2650353
3270919
3244601
2731511
2823893
3342258
3499829
3016443
2613979
2736994
2882042
2723418
2469154
2523262
2773454
2878191
2767762
2599350
2516264
2532604
2556609
2447674
2145044
1935763
2053396
2351914
2418164
2163963
2037779
2304979
2626886
2425361
1896738
1791490
2154039
2375445
2038093
1725227
1989817
2507630
2585217
2099423
1876544
2232027
2561784
2277809
1769162
1781300
2270729
2540164
2242580
1962896
2211159
2703299
2744094
2325508
2031982
2212325
2447001
2307470
2026926
2073590
2375417
2471831
2310698
2173132
2291393
2376420
2291443
2177705
2145700
2115354
1950125
1846455
1958106
2111966
2027223
1831412
1968209
2335109
2463214
2082747
1788185
1960077
2311496
2242321
1799928
1692619
2132126
2556435
2322273
1881869
2003253
2487544
2669277
2141873
1668562
1783664
2190553
2224378
1725412
1525563
1866326
2305577
2194177
1702405
1619145
1989386
2301736
2060666
1581717
1570516
1968601
2210692
1936373
1559070
1683059
2111960
2277543
1964849
1659657
1867293
2231947
2216385
1852206
1598471
1797306
2030654
1954087
1641116
1583623
1916660
2125420
1975796
1707387
1720656
1954318
1956474
1671842
1402052
1468277
1714189
1731590
1501805
1357781
1540482
1722565
1600248
1353350
1387034
1719159
1860385
1606671
1327801
1360915
1556832
1506297
1210915
1040693
1207367
1449628
1429937
1247293
1257237
1510714
1666032
1557434
1434340
1566061
1784986
1725664
1487297
1470006
1710127
1811569
1596600
1359471
1482996
1866121
1982444
1696619
1454361
1627898
1979002
1944690
1556305
1321948
1513679
1852247
1823575
1485751
1313330
1548698
1880194
1872210
1611857
1534085
1846355
2230109
2204244
1864304
1639782
1820700
2103228
2109333
1843237
1626625
1772568
2072648
2182392
2028153
1903070
2165576
2516962
2582550
2338504
2040355
2017311
2113948
2073047
1906113
1720266
1689914
1766031
1748146
1680324
1602543
1603887
1663362
1652896
1650857
1688032
1740424
1750149
1671264
1618998
1674449
1712166
1670072
1592713
1593382
1683911
1768381
1759198
1724293
1760950
1838999
1859883
1810337
1771910
1867077
2039547
2093675
1977736
1834810
1804043
1909037
1981040
1906710
1755372
1723390
1853343
2034570
2093458
1944916
1740009
1669957
1755572
1922405
1942613
1861004
1811393
1871725
2056578
2171053
2129553
2004171
1881787
1976759
2203342
2329575
2310485
2169230
2116080
2312241
2483099
2440811
2261483
2094822
2201690
2514891
2730870
2696621
2435487
2272663
2443113
2707291
2807792
2600260
2345866
2480049
2855994
3161632
3189711
2883243
2662145
2831978
3182163
3396639
3289144
3042838
3075558
3343492
3623413
3594659
3182371
2896440
2992242
3283628
3519913
3408765
3078668
2987056
3188898
3464915
3490569
3158412
2847696
2906689
3210014
3519115
3552013
3290296
3120244
3217642
3406128
3455244
3247905
2993412
2996068
3231852
3428360
3297285
2924974
2745208
2912300
3198835
3265431
2922851
2499738
2487455
2850457
3208161
3156866
2743817
2525443
2776770
3218600
3353369
2938530
2507599
2580794
3055227
3543416
3544163
3037558
2750957
2922913
3336425
3601742
3315028
2792631
2700733
3062807
3504944
3541897
2996447
2505825
2500019
2859590
3148052
2982732
2474557
2205026
2295254
2547085
2619853
2327350
1975601
1887647
1991038
2105842
2068550
1861799
1746337
1791086
1836337
1831379
1737610
1570257
1516795
1597342
1616453
1539756
1442635
1393016
1466808
1598729
1645615
1621954
1547447
1467957
1514307
1634466
1680388
1661655
1624976
1606803
1669891
1753777
1779836
1761360
1741860
1730744
1753977
1779608
1755839
1707633
1696205
1768263
1821757
1766285
1655600
1594638
1622356
1692476
1740522
1694054
1630805
1618085
1636175
1705521
1737895
1678544
1618520
1621151
1742598
1888929
1876884
1704869
1580767
1603656
1744901
1868058
1830448
1646443
1495305
1525622
1708198
1880538
1838611
1615128
1429056
1448114
1655382
1857692
1839509
1643733
1425447
1343871
1487778
1704268
1752549
1606409
1428676
1340147
1394255
1510914
1561226
1521826
1432826
1338229
1320794
1370585
1403622
1416329
1409992
1368324
1310487
1271729
1250141
1246885
1268581
1256109
1177682
1093133
1056467
1108839
1203050
1250061
1175368
1026137
916837.3
914157.5
981290.3
1054538
1061441
957404.5
828567
783486.5
818767.8
901633
958419.8
940151.8
889415
836621
801838.3
782254.8
769019
772102
779382.3
818313
836793.3
830738
785713.8
736780.3
745825.3
829600
966580.3
1026629
970073.8
838098.5
754015.5
777366
906664.8
1055752
1064663
937173
801467.8
799156
897098.3
1009382
1056453
988437.8
880191.8
827038.3
882776.8
960132
976307.5
895068.5
795863
743582
763446.3
832063.3
840137.3
778647
708162.8
675799.3
658819.8
673800.3
692338.8
649250.8
583588.3
569122.3
598809.8
606087
602676
574712
537725.3
526333.3
553136.8
571276.8
562868.5
531619.3
483238.5
469825.3
499778.3
543652.5
563506.8
562318.3
532915.8
504603.8
501268
534934
582121.8
617594.3
615181.5
576551.3
552344.8
548368.8
568187.3
609020.5
638514.5
613763.5
572414.8
555672.3
588168.5
642517.3
693629.3
693241.8
639825
584049.3
560893.8
596489
647867
690305.8
663511.3
603976.8
581068.8
596588.3
633894.8
657715.3
670688.8
648169.8
590408
570051.3
568039.3
571537
567379.8
550782
547972.8
560327.8
577290.5
609961.8
626964.3
602209
569003.3
542229.8
553722.8
573745.3
584167.8
577503.8
553625.3
521900.3
517044.5
529904.3
545299.3
564915.8
572889.3
550951.5
539298.5
547059.8
547131
555115
560650
550245.5
533862
530720
536652.3
536681.8
529854.8
521961.8
497760.3
467072.3
482560.3
508328
509957.3
490105.8
480385.3
473724.8
464778.3
480949
516062.5
520525.5
478540.8
428239.3
405898.5
420035.3
459055.3
503439
509011
470552.3
423823.8
396570.8
412021.3
467159.8
525309.8
533184.3
476020.5
393436.3
342195
340418.5
384302.3
443599.8
472518.5
445942
386544.3
336294
320159
340821.3
378210.5
405237.8
404329.3
374141.3
329970.8
297219.3
296398
312821.5
333938.3
340450.5
338572.3
322664.8
302767.8
295555
304525.3
314760.8
324476.3
322918.3
314689.3
304400.3
299067
304057.3
311122.3
312585
304673.8
290200.5
278016.3
275184.8
283717.5
304068.3
317811
311966.3
291315.8
269288
258130.5
263404.8
284897.5
309150.3
319724
305861.5
279246.8
253153.5
248129.8
268188
298358.3
314484.8
309986.8
284733.3
252809.8
233444.3
232963.5
252635.3
278513.3
291705.3
284325.3
252922.8
216641.3
198628.8
197329.3
211983.8
231262.3
240397.8
235336.8
222951.3
206043.8
194816.8
193892.8
196212
196207.3
194539.8
191254
191325.8
189475.3
195040.5
202094.8
206514
198542.5
185798
173264
172192.5
180152.3
196416.8
218477.3
227808.8
220738.8
208054.3
196794.5
190014.5
192519.8
210941.8
227573.3
236489.3
231781.5
217861
200106.8
196039.8
204397.8
226247
245380.8
254883.3
248183
226916.3
199962.3
197451
211330.3
229751.8
239763.3
238853
223658.8
206006.3
190041.5
190202.5
204631
222800.8
218020.3
205387.3
186987
173245.5
158687.5
160557.8
173361.3
189189.5
198789
194439.8
172725.3
146183.8
127074.3
123798.5
132298.5
149405.5
168743.8
178840.3
168992.8
145703.8
122508.3
114202
116808.5
128565.3
140820.3
152206.3
150541.8
140852.8
127918.3
117723.8
112980
120260.5
134115.3
147624.8
146235.8
136911
122792.3
117544.3
115906
122022.3
123795.8
128046.8
128349.8
124850
118003.8
115824.3
117359.8
117889
116427.8
111429.8
104642.8
102534.3
102017.8
107500.8
115598.5
120121
116556.8
108331
97154.5
90202.5
91344.75
99966.25
113855
125660.8
122685.8
109294.8
88711.75
78934.25
76022.75
88758.75
106963.8
125167.5
132030.5
120678.8
101301.3
79509.75
71466.75
73711.5
85027.75
