250311.3
250059
137738.3
177615.8
260120.8
287039.8
338944.8
306391.3
184497.8
154695.8
135445.8
193617.8
309663.8
367038.8
469015.8
457100.8
259434.3
202798.8
195390.3
253143.5
404809.5
451703.5
563392.3
622241.5
393747.3
286472
281524
312573
519001.8
594970
693349.3
861565.8
639139
387782
361590.5
363033.3
595717.3
742747
789638.3
1069688
1042141
626880.3
492842.3
431735.3
567140.3
840739.8
920769.3
1248262
1462858
958934.8
636653.8
583155.3
602053.8
961210.3
1124443
1292242
1721053
1441608
861165
738667.3
646783.5
906961.3
1296541
1344167
1763127
1994271
1325081
900947.5
725654.3
736633.8
1308999
1541677
1690687
2296638
2087081
1257857
909093.3
685617
1018162
1626181
1806184
2342781
2815015
2108273
1336232
953595
893511.5
1562895
2168430
2646035
3240466
3011208
2045983
1456621
1034127
1212409
1921965
2607390
3412326
3737820
2988306
2269216
1685887
1273778
1579469
2166772
3153036
4095179
3884726
2923038
2509902
1869690
1713297
2113214
2666981
3864148
4763997
4094765
3061812
2644519
1871857
1974038
2477202
3345499
4479674
5277424
4412196
3391760
2802878
1950184
2145673
2757705
3889762
4910516
5605694
4977164
3813882
3019836
2182045
2452226
3121958
4163557
5084003
5717897
5452327
4443245
3445550
2407885
2556627
3416991
4416322
5231578
5777434
5445106
4335394
3215658
2131823
2249874
3298118
4303168
5118236
5678693
5375550
3735836
2564083
1817300
2044894
3199280
4136031
4814763
5401835
5468130
3926189
2578370
1840994
2050271
3236053
4027773
4401775
5027649
5350302
4243125
3047139
2307800
2342935
3485700
4237025
4195334
4615404
4930617
4154756
3377364
2813984
2709531
3785247
4638098
4652672
4623326
4525685
3720777
3332298
3048898
2775214
3704885
4573371
4680702
4672608
4649021
3701604
3073987
2952633
2754504
3385798
4126873
4329271
4521366
4600970
3661331
2795312
2710293
2786833
3401410
3916299
3923521
4322465
4845720
4376229
3315512
2899755
2748546
3205699
3761221
3638309
3852513
4570044
4735593
3883557
3550666
3339708
3213001
3613822
3418544
2915483
3437602
3986333
3531261
3287485
3594069
3634918
3834932
3991798
3152993
2734336
3314729
3380700
2826969
3124634
3574207
3815564
4259607
4139693
2910109
2861657
3444319
3075089
2828006
3352055
3559458
3668094
4132739
3572724
2623683
3058108
3321132
2640768
2963075
3597048
3570814
3621522
3776238
2830528
2519761
3164085
2936346
2363841
2900973
3240278
3047273
3273388
3130734
2556566
2969611
3422617
2851411
2735333
3136395
2979120
2641557
2611783
2322561
2467339
3109916
3142109
2797149
2954653
3006306
2691812
2604158
2465356
2493309
3116834
3574924
3463173
3560598
3623171
2956825
2253480
2022539
2038964
2701025
3532300
3790543
3683469
3903178
3800178
2931914
2153685
1749872
1800707
2602423
3371527
3661547
3786626
3915370
3592366
2834682
2077385
1661177
2120055
3143077
3832640
4097696
4141162
3957464
3502192
2997549
2245933
1772757
2299976
3225996
3874572
4293437
4378746
4042920
3600338
3258946
2517956
2159355
2915047
3719020
4049399
4256125
4123590
3255478
2544291
2334102
1967352
1907183
2747715
3584022
3851540
3957553
3840980
2917572
2097153
2028740
2104042
2417485
3239174
3897276
3972713
3802022
3535551
2811297
2022902
1849481
2135562
2715315
3481139
4104657
4298042
4164253
3759335
2957139
2229540
2059006
2337639
2958617
3700828
4192938
4162028
3813982
3344651
2759518
2299090
2271452
2618705
3184113
3816652
4324777
4294529
3600784
2767201
2260617
2215086
2632773
3299561
3954343
4363175
4601899
4560970
3924651
2872165
2044994
1998984
2653533
3564571
4383843
4955167
5026506
4643094
4046659
3144514
2243945
2075631
2663935
3592177
4477535
5173036
5511000
4829634
3890913
3262498
2710384
2439059
2978919
3884989
4736930
5413651
5908015
5964740
4491306
3196938
2763724
2820401
3319055
4141987
4878028
5453162
5890680
6148385
5341801
3508972
2603400
2589614
3118387
4024165
4851544
5413812
5726513
5867522
5462147
3928529
2673876
2594740
3242870
4184388
5027948
5626953
5867024
5574084
4980676
3884844
2671345
2368054
2859924
3786236
4727747
5437895
5827879
5248638
4418587
3616341
2649337
2266270
2690981
3431747
4375178
5192096
5772877
5733126
4325443
3385234
2733451
2363888
2798271
3582578
4333181
5077289
5691197
6126446
5557464
3665139
2715965
2315487
2486780
3415757
4326867
4910101
5336027
5752242
5861728
4368844
2550241
1986542
2099618
2535661
3409061
4235158
4586461
4467567
4302970
3940822
2911070
1915111
1825829
2358002
2987305
3615427
4153786
4176833
3584539
2877782
2262385
1752528
1535931
1925660
2778188
3639341
4192691
4320398
3821775
2765057
1839415
1422646
1456668
1840155
2584592
3476531
4235531
4629293
4402596
3599672
2556772
1623644
1245133
1532564
2247547
3088033
3877713
4480511
4644437
4007293
2876064
1899278
1397684
1460664
1998514
2719358
3475305
4085193
4291779
3921301
3130195
2295440
1639940
1411711
1873498
2799993
3570016
3921125
4072627
4040300
3569885
2650126
1947068
1671671
1578605
1911658
2842982
3804054
4218611
3848520
3325916
2818518
2106154
1535916
1626737
2034053
2316043
2773299
3583606
4240396
4110177
3198629
2377344
1738083
1246219
1328606
2066262
2838918
3251146
3421205
3515154
3293625
2533170
1784277
1484248
1493036
1678911
2143285
2761441
3216573
3353461
3136309
2621866
1998485
1482487
1248307
1318718
1692741
2201148
2605029
2767525
2741522
2648718
2369726
1813521
1264901
1072755
1262343
1557044
1939313
2403080
2748476
2710591
2185605
1617702
1334415
1202655
1126722
1241102
1740801
2306681
2487694
2258934
1976760
1803021
1497428
1119852
1112785
1543654
1939563
2098240
2291046
2620265
2706996
2121383
1368905
981395.8
954808
1083690
1423978
1996077
2489742
2650912
2467810
2214625
1876908
1458972
1084517
876307
974918
1360350
1897351
2284321
2302323
2142351
1924347
1508480
1073164
859890.8
964362.8
1147648
1249802
1531770
1902235
2086368
1853724
1469257
1266513
1107201
884008.8
825144.5
1043795
1310051
1428489
1546026
1746981
1761599
1468622
1121252
1003928
978696
930014
1047650
1407754
1723786
1722759
1575745
1526073
1444979
1186885
951246.5
913167.5
1020331
1103072
1315021
1683529
1969785
1870390
1501861
1259017
1106390
902557
761155
913549.8
1246135
1440785
1491181
1650452
1853883
1763939
1361841
949001.8
822220
880879.3
891243.3
988037
1252820
1505162
1586605
1476628
1366499
1315870
1117720
844969
725607.3
808789.8
1006399
1180645
1324824
1460008
1458977
1282548
1089673
979724.3
945615.3
914299.8
879909.3
928895.5
1090983
1238688
1277791
1281015
1262274
1170950
1013670
890100
879848.3
940805.8
1003951
1054606
1060868
1059692
1082320
1086192
1048789
965153.8
886413.3
845956.8
891750.3
1005025
1073935
1041270
988336.8
965167.3
913790.5
812735.3
762267.3
861867
996435
991772.3
897919.8
889706.8
997025.3
1084056
1007498
842584.3
760192.5
724256.3
664447
630302.5
715122.3
918647.8
1063235
1019522
886820.3
810390
757603
692109.3
638582.5
644665.8
694213.3
711149.3
688398.8
693727.3
746218
771209.5
743774.3
710778.5
702236.3
663956.8
595031.8
569255
629157.3
703652.8
707656.3
666590.3
651221.3
671872.3
654163
582517.3
559118.3
614369
672621.8
668144.5
625020.3
633612.8
688317.5
682012.3
595795
534258.3
534075.8
549652
535162.5
525680.8
612861.5
742310.3
772400
689517.5
587218.8
538277.5
521353.8
489052
457342.3
502980.8
601298.8
649825.3
623137.8
594252.3
618523.5
654379.3
616473.3
515901.3
431409.3
410002.8
410373.3
410448.8
449609.3
538995.8
625866.3
653089.8
599000.8
515691.3
444519.8
374268.8
316224.8
307120
358047.3
424447.8
464478
492633.8
531719.3
571556.5
548622.8
455938
353718.5
312414
317492
324512.5
347228.3
429180.8
549297.3
612416.8
581070.8
496986.3
431462.5
392314.5
332463.8
279009.8
292785.3
378337.3
475493.5
523929
541874.8
566843.8
585197.8
552783
449108.8
340087.3
291023
283560.3
264222.3
273135
368410.3
530107.8
645791.3
651069
559238.8
472566.3
417093.5
355850.5
247471
169012.8
185176.3
290115.3
391191
440281.5
439051.5
466149.8
519889.3
515725.5
418225
270599.8
175581.3
157607.8
181338.3
213762.5
246538.5
311721.5
421975.8
508232.3
484104.8
376563.8
265784.3
199406
184876.5
195681.3
203652.3
216466.3
261449.8
326968.8
370202.3
362387.8
315756
270200.5
255495.3
254248.8
224299.8
182607
166108.3
202272.3
274414
334318.3
340851.8
313686.8
281621.8
261938
232243.8
184368.3
141635.8
136929
179259.8
231857.8
262674.8
264850.3
266713.8
272196.8
276010.5
247689
193668.8
144983
122382.5
127806.5
146560.8
183266.3
238567
284168.8
292141.8
260186.8
214375.8
180798.3
157418.8
142546.8
126955.8
135163.5
169634.5
208738.8
218397.3
198033.8
182850.8
191283.5
210215.8
