6.314896
-5.605728
2.446304
18.40004
24.87106
20.69091
22.78365
14.0453
20.65785
34.18058
27.35541
33.29565
35.11529
30.26365
41.51971
40.11658
36.56313
40.9838
40.7715
34.29712
39.3093
39.87294
42.7562
38.43559
39.96162
45.43004
33.85425
44.43281
39.63054
40.33139
42.28352
46.61722
38.06712
35.71688
41.9494
42.32301
39.56625
34.9281
42.79145
34.5849
42.16004
34.69219
43.12572
39.87595
38.10874
36.56315
37.83758
41.97562
40.74645
25.98779
38.84266
34.30869
43.89859
32.8484
39.70645
36.94376
27.84139
40.39372
38.7024
41.20118
36.50423
28.66821
38.58811
33.41818
43.485
34.62661
33.56891
36.52138
25.20262
44.24252
34.04778
35.0211
26.33498
20.30548
38.76326
41.03809
36.62218
35.9469
32.57387
38.91411
30.98534
39.51659
37.35511
16.64076
34.53633
36.66645
34.32853
39.56128
30.22811
32.34033
19.44984
32.31905
39.06232
37.57418
31.49513
24.01101
30.15599
39.48295
35.56277
37.14852
30.32299
34.7247
27.24232
38.791
37.31701
32.62566
31.78012
29.28851
39.02561
31.95259
36.46132
31.44208
29.90968
35.62907
34.471
40.46111
16.02164
29.24713
28.46599
31.1867
32.56137
38.66496
17.74604
30.3483
31.56612
34.77063
31.20491
32.85852
32.70562
26.69606
29.77453
33.0291
33.05445
33.24633
35.30391
21.03334
33.78332
32.76485
36.43842
25.7807
28.97707
31.78939
26.75412
34.01356
30.20399
29.48241
28.30025
31.15542
36.40399
25.56304
25.01541
34.00497
31.08297
31.11851
29.71477
33.3658
28.38922
36.94751
21.29388
30.90643
26.76184
27.00879
36.3905
19.65273
33.08947
31.74167
26.99114
30.67588
26.2488
30.41808
28.97914
23.64077
37.21487
28.93912
29.68514
27.3091
29.98038
29.84069
29.16838
27.47726
34.07648
23.02875
34.3656
27.54081
25.59805
21.46962
30.34735
31.21404
33.19592
26.71622
30.6433
29.45294
28.22967
14.61312
35.52047
31.46273
25.57037
27.02605
31.16654
34.01939
29.76404
26.50621
21.51942
19.98642
31.05188
14.89432
24.18346
31.11535
13.8924
27.27563
28.95323
26.42866
25.21668
25.80443
25.79805
22.85302
32.62333
30.60401
19.95845
22.48701
27.06668
29.46251
31.95012
27.8058
22.3462
19.02856
29.47113
29.22067
29.15251
26.82514
24.78151
28.71294
28.52526
30.56502
30.67315
27.65154
21.93224
26.9121
27.68838
28.10333
25.51332
29.79503
17.02003
21.05475
32.60343
31.29213
26.69479
26.26991
29.99244
31.5704
27.3565
26.92791
31.47124
28.12114
36.1366
22.66322
17.03699
26.15081
20.53632
27.60136
33.2732
25.73306
30.77197
19.35514
25.24857
26.91983
22.62576
26.14358
34.01354
27.23375
27.46289
26.13213
28.3894
31.1079
30.24384
30.44719
30.1968
25.58291
31.79032
1.997128
30.79781
29.47061
23.48182
24.08697
25.24042
20.38386
28.60871
26.74685
30.20195
17.68535
25.87993
28.60138
31.7605
33.00425
34.3728
25.64462
27.16256
30.89538
34.00346
34.64113
29.55081
37.45565
30.91249
26.17617
27.37473
23.50019
32.86935
34.46768
25.19128
33.79946
31.77642
32.73594
26.49546
35.26573
33.05321
37.33471
32.71693
26.92706
24.2463
34.26538
28.99097
30.70967
33.69939
25.75096
28.36131
31.19862
15.31693
24.53589
32.38512
24.06797
31.81266
17.82266
27.93347
24.44832
32.20904
27.50228
23.27619
30.49682
26.69625
26.9959
18.87574
20.48191
28.06241
31.71675
8.258312
25.95022
22.23476
23.22029
26.74351
27.97706
23.66948
25.53074
28.24942
25.05693
28.13884
22.9813
27.69579
24.75845
32.49084
15.89547
25.86616
28.97189
28.92951
32.35108
30.65141
31.34036
17.55311
23.89928
26.00876
35.30979
29.90911
21.45352
27.16006
32.16137
23.96887
33.43633
27.46113
30.89484
22.0342
31.43531
19.26379
32.73393
33.96059
31.67474
28.94797
33.00784
20.41898
33.06192
20.90791
32.4896
31.17559
28.70509
27.2631
24.82338
19.67809
29.41785
27.63738
25.16659
21.97866
16.37079
23.09399
32.76017
26.83402
33.29541
30.25202
20.2164
20.95103
26.75647
26.89442
28.52049
26.84842
26.92852
22.97273
8.779083
32.49559
29.52285
25.26746
29.59064
24.1838
28.65179
8.465759
23.74147
25.34853
29.31121
24.72053
33.52108
34.31598
23.24394
25.93437
30.1288
30.97617
32.04687
17.21965
28.22488
29.72181
29.11005
18.70597
23.2934
29.67806
28.11728
32.81072
20.48133
29.53144
22.26909
33.39675
31.3685
23.19851
21.65374
29.7612
24.64249
18.96548
29.79688
34.60574
10.06882
22.79268
23.22991
32.75335
27.08974
29.94375
27.33603
31.2646
17.75495
24.97882
26.85592
30.94955
27.8257
23.32537
23.69327
29.25679
27.5233
23.54419
21.66869
27.2099
32.95264
17.00465
26.22589
28.40203
29.45469
32.2323
29.13547
11.96018
25.69475
34.56124
31.22408
31.5822
26.20811
23.23546
25.76317
29.06941
28.84842
30.87436
26.13492
19.96074
6.653954
17.92176
25.08384
32.17262
32.90126
24.67095
21.15825
25.85829
14.73581
17.0856
20.38952
36.28866
31.4088
29.49198
17.74826
20.16568
28.66111
26.87405
26.95353
