20.98965
10.48056
5.339325
33.15764
39.57526
22.36671
34.64617
35.70856
23.30402
44.93836
39.3418
39.09558
44.48064
47.4906
52.43911
42.77003
51.38541
50.99041
30.28184
21.24019
40.88902
41.66804
48.44574
55.64973
51.2743
52.65273
54.68124
52.1072
39.95855
55.55787
52.48479
49.94691
57.16114
49.87915
57.87649
59.24337
57.13694
55.72544
59.70013
53.30513
60.80723
58.86279
58.87504
62.76492
59.69862
59.4401
61.30922
60.94697
59.91103
60.31101
62.00621
61.36971
59.02849
61.22662
57.75739
58.85022
55.76707
57.67245
56.23406
41.2546
42.41742
42.53501
44.68127
47.52383
54.88513
52.08319
54.36214
57.83147
55.96154
55.72436
59.11688
60.12968
60.47163
61.92966
63.07329
63.05703
60.20309
58.31227
58.52112
59.48964
61.70762
61.51353
59.13234
58.12122
58.63505
60.37101
59.28168
58.55745
62.16056
63.17311
63.24151
63.10968
64.55064
63.76205
61.96135
62.25464
61.86386
58.31286
60.13754
59.90226
59.79131
62.05742
60.40688
60.95852
60.06152
56.54615
56.05531
49.51373
57.51056
52.86387
56.04669
55.15319
55.9994
49.60379
53.19056
43.79839
45.10673
49.95451
45.35107
50.63757
51.14257
29.06977
51.33437
36.06815
44.62843
36.06891
45.71662
43.65178
41.99586
27.27255
42.10706
44.58329
36.04024
39.7777
39.22217
32.79747
39.00906
42.24333
45.65977
36.41701
39.79042
39.57138
27.48388
43.50151
45.20797
29.36342
32.61575
43.38931
45.64792
36.06894
39.29675
34.49866
37.91774
39.32133
28.47245
38.93657
10.80402
29.22811
18.31596
33.77976
41.5681
34.65038
37.92033
41.08148
40.39809
42.35605
39.33922
39.5668
42.06443
37.28881
38.40279
31.26681
39.21795
34.28192
33.12395
24.98104
39.14634
38.85617
39.45943
34.59438
38.42315
36.56786
44.11737
29.65902
43.06573
32.41615
41.33336
38.88356
39.58344
41.53308
25.64142
39.94127
29.84048
38.9569
39.56387
38.63843
20.3694
33.98707
37.42543
42.76951
42.38078
28.42894
40.98771
29.9458
45.7593
38.57394
39.68112
39.79574
41.8194
30.4239
41.32682
43.44914
40.42603
33.23687
42.36404
36.77136
42.85149
41.73973
33.70824
38.46878
42.36844
38.81786
37.80027
38.49212
22.16289
32.86409
40.0657
36.33689
36.2225
32.70602
36.23786
34.39222
37.79094
38.30441
32.46736
33.23594
25.44134
20.82836
24.47297
38.82523
40.12201
27.04378
32.38499
30.55711
42.85279
38.71701
29.11037
33.9779
34.97489
22.20977
42.42909
36.11096
34.50534
25.30466
36.04522
25.43238
37.51953
23.23574
36.43399
36.51826
37.86074
32.50576
38.15924
39.02796
32.80531
21.05932
38.27855
38.45645
39.81179
21.526
35.8148
15.71794
28.82304
38.31932
35.60804
33.76315
30.65116
26.77389
35.57777
33.83297
31.54197
28.92467
36.39304
17.68507
36.68343
38.92212
38.88448
37.05297
37.49104
35.27672
35.78649
42.05854
37.23346
42.02668
39.35214
35.65792
45.27428
37.00114
30.59907
43.62207
43.06367
48.0642
46.50937
44.03096
40.80738
28.32603
43.59807
36.88379
45.2861
45.82402
47.00498
38.77965
33.34523
42.67402
48.90408
47.10828
45.86945
43.71104
31.55599
33.52787
40.63885
36.99652
30.95609
37.47826
44.44221
37.32175
37.69263
29.27946
36.78138
36.32155
36.83476
33.5557
31.23323
34.28187
34.11285
32.47173
38.97246
34.40639
40.02085
42.42119
40.42086
31.48821
34.70293
31.77559
18.80605
22.32213
38.4953
38.73106
32.81665
30.55689
36.13968
36.4043
14.37017
25.08698
36.02769
33.86428
31.5631
29.06843
34.47641
29.42788
37.09659
34.28114
40.09406
41.48691
29.36121
39.44953
39.43458
41.64388
36.96858
28.61489
39.22902
42.12545
39.25262
42.82848
38.31189
33.5964
27.3655
33.65633
38.89833
37.28164
42.17218
39.76822
25.42329
37.68105
35.42765
30.67613
37.49611
40.1286
40.41607
34.33796
18.14156
35.42707
39.30807
33.93464
33.24322
34.2438
30.18651
30.26539
32.21477
35.65765
31.97578
35.13357
37.2258
32.97313
26.76497
36.99408
30.62977
40.6213
35.71602
19.17248
32.59014
37.95304
36.52082
29.9852
39.80173
29.34747
32.75023
35.48325
34.64835
37.80165
29.83839
30.68872
34.75402
34.93285
24.56808
17.33757
36.33517
30.1685
27.01129
38.80899
37.99636
35.4535
19.77733
23.79202
24.47717
34.25043
30.75937
34.56246
31.37165
24.09813
30.79202
27.89899
30.1062
31.34607
39.13954
32.04503
35.00333
37.44778
33.5261
31.7993
37.2439
35.09944
33.30167
39.76321
37.55226
38.6878
35.11284
41.22646
38.54375
29.8823
39.79873
31.7182
32.99625
37.6783
32.32771
36.53505
34.85731
22.86406
24.78329
32.85551
32.30683
40.43956
27.16206
37.49065
35.5196
36.08482
33.30245
35.58649
34.83545
21.92334
40.75875
36.22372
34.39734
33.89383
23.89636
29.87346
25.24462
34.83271
31.25684
35.56306
23.59883
25.88095
29.12625
24.65761
33.14274
31.87693
36.17004
35.81634
34.06739
29.59331
32.81163
28.97858
37.32215
24.57758
33.45391
36.44185
30.37422
34.27111
30.80423
33.62943
32.04634
39.37992
