19.26839
7.583557
15.41953
30.71231
37.87078
28.0153
30.59342
30.96594
29.93221
45.39204
40.98816
43.33933
45.58395
44.9879
53.28382
45.26976
52.54889
48.93933
41.71999
36.16023
50.43412
46.50442
51.86704
52.59444
50.59685
56.31691
48.39413
51.29504
43.36135
50.9092
51.87473
53.44236
46.50048
45.55546
48.37396
51.51245
49.59943
48.02757
48.54764
50.02162
50.12827
33.61401
51.46083
50.48813
50.73749
43.66655
44.2481
48.87266
48.06883
36.97218
41.99352
34.06548
53.05088
39.89549
46.66557
36.5824
37.64259
51.21768
44.82041
48.25726
46.80097
38.42902
45.88504
43.83533
51.93834
44.18883
36.58733
47.68233
47.52489
48.25174
35.20115
49.43436
42.7829
42.85124
51.74682
41.06938
38.17749
51.74692
35.16937
52.70293
45.18192
50.27746
53.0168
47.62477
52.7939
53.30251
56.45651
52.14074
54.49407
55.73621
54.67736
58.27179
55.06185
58.01074
56.17262
56.46541
55.43452
58.45096
55.21952
59.24745
56.35991
55.30607
55.71123
54.21977
56.493
53.84045
53.72179
51.32354
55.75248
53.57796
52.72114
48.92171
48.9625
51.24504
40.45829
50.12518
45.47495
36.78224
39.76826
48.02956
46.48482
53.9469
52.87983
55.08366
55.50737
56.48954
56.57829
57.87783
56.52935
57.07869
56.58311
57.03988
52.64467
53.48548
50.77882
49.74754
51.93573
51.72107
55.18096
53.16345
53.23692
52.31705
52.84638
54.58788
51.9821
48.95099
50.70737
47.53665
50.75504
49.2135
48.45668
47.94072
48.03608
45.4444
47.19333
48.86243
41.93065
41.75933
45.12955
42.93241
39.0457
45.38069
49.14742
49.50199
44.92785
50.11087
47.77018
27.88836
38.00421
44.80138
41.30016
35.07932
31.0331
39.64037
42.73078
44.69797
44.70839
45.60203
42.79036
47.84234
45.55114
42.06537
41.46036
47.14536
43.61497
45.41562
47.39906
40.01801
41.7614
48.01205
47.561
41.66194
47.42812
42.29013
40.77904
45.75909
30.47231
44.17724
39.92216
45.45704
42.53387
43.40548
25.71285
39.02674
34.44728
20.01309
42.49059
41.31623
27.83384
38.7526
37.90633
43.31694
41.08611
25.75431
39.37802
42.01042
38.85097
43.76086
32.79921
42.11932
37.45917
44.85037
35.49662
39.69539
37.48164
29.14236
31.39425
35.18219
33.46954
37.1235
38.72745
36.03307
31.185
42.42728
27.61454
32.97313
39.79746
37.17295
26.87112
35.82401
34.38134
39.02202
32.52922
18.56478
38.39565
36.25087
30.85604
29.42459
36.14463
26.75506
39.21518
19.24363
37.71577
36.90914
41.09243
33.87472
16.86026
32.39148
39.88676
31.39441
38.10139
39.19671
36.67952
32.00512
34.44746
36.69561
35.89683
30.40088
31.64077
39.60888
40.84904
36.9876
31.18565
31.4695
33.81755
38.88787
37.32491
37.44399
39.0536
36.39957
40.19361
38.00422
31.02064
38.06272
19.35912
35.28842
38.07341
34.88066
31.12817
32.11937
33.80324
18.67001
37.57976
41.57145
37.56549
40.23366
43.67439
29.15574
39.03041
41.46185
43.83099
48.25255
43.99278
42.25968
33.3465
36.82719
41.86044
40.93268
43.11293
44.57379
41.79417
43.04121
41.91229
45.99465
44.51566
49.03754
44.42358
41.8854
29.04621
41.53891
40.09325
42.21284
38.5954
40.61089
39.73238
39.84521
37.95332
27.94267
40.83262
34.9653
38.3213
29.25352
25.73989
39.18862
34.56157
27.77435
30.53919
36.62188
31.40031
28.57811
32.09085
33.6781
35.35474
32.21089
38.67668
26.79225
19.56267
31.72289
36.80324
28.9307
32.03455
23.54331
28.78653
37.95172
23.20092
36.64376
32.1086
32.92703
33.04591
24.88892
32.84415
30.58361
37.20615
29.86471
24.08051
32.29795
31.25209
39.58814
40.13321
39.80878
39.20971
32.86261
35.11682
41.13496
34.33461
36.9225
36.63726
35.73396
32.79699
34.26703
36.79041
35.35607
41.45154
38.69349
36.41505
36.06647
37.48422
38.26996
38.13942
30.76902
32.24007
38.33224
37.43188
36.67158
39.57664
34.44031
35.73886
37.64436
30.72392
36.04565
25.55043
37.01471
32.98947
30.83664
31.06879
30.01012
33.38654
32.42434
38.0299
35.86752
30.43786
34.89724
27.87491
28.35714
38.489
23.41733
26.21821
23.49165
37.51849
27.70968
21.1003
33.94532
30.26711
31.59697
32.65446
30.93174
24.79197
35.82959
34.96526
34.99381
36.51995
38.77188
21.29873
24.40924
35.06299
34.89673
31.24775
33.41535
33.93293
35.02274
41.07065
30.76044
32.00531
23.42935
39.52227
33.44301
33.32257
28.056
38.00976
34.04678
24.54154
16.94907
32.31261
35.34842
34.75537
38.79248
16.013
36.35473
42.73221
35.10791
37.76069
30.44789
32.85389
39.40612
37.06282
39.14998
35.77358
26.82211
34.74007
29.0805
29.48838
36.86711
15.74084
29.11892
32.38502
16.10432
37.25676
21.63966
32.09158
30.65014
32.78253
34.01682
27.66569
26.33358
38.17605
24.88175
26.40247
30.99612
35.83866
22.2361
33.80961
35.56186
34.03335
28.16092
29.47294
29.7149
38.23509
38.27075
36.43833
37.49295
34.43893
30.08015
30.57122
36.69843
33.39611
24.05878
33.71859
34.7218
37.24672
22.60239
24.93047
35.35165
