203187.3
204839
261498.3
172855.8
140168.8
147095.8
205664.8
286399.3
333485.8
341287.8
318229.8
276441.8
224459.8
204246.8
250055.8
311920.8
349398.3
398910.8
476230.3
500663.5
402429.5
286531.5
268272.3
311413.5
354239.3
456880
654708
802853
712257.8
455978
312073.3
317497.8
360203
484886
779518.5
1107497
1119317
761787
447870.3
370919.8
409061
510736.3
830326.3
1291391
1493436
1153472
664681.3
431922.3
412801.5
468178.8
720429.8
1267167
1793006
1770886
1197271
670109.5
481549.3
478660.3
626973
1108519
1825360
2244997
1858697
1099979
654047.3
569602.5
631072.8
961875.5
1701454
2467370
2542791
1790625
960979.3
614930.3
620048.5
811845.3
1382237
2245945
2803638
2516301
1658624
954765
729183
800224.5
1200096
2011267
2900328
3248411
2736298
1833979
1186050
929659.5
1088747
1733653
2620159
3234933
3263809
2719726
1985754
1359724
1118578
1601864
2595523
3396262
3544397
3247292
2816028
2220215
1489018
1321298
2216686
3407646
4072829
3883458
3503789
3235352
2685305
1751417
1668084
2854911
4050033
4685810
4388818
3997143
3737590
2975488
1867976
2113224
3440242
4545336
5144949
4844965
4297218
3815716
2798722
1906012
2610554
3931376
4924281
5515286
5244442
4283509
3226651
2196925
2007039
3201361
4405166
5272929
5833887
5698935
4290182
2686406
1751426
2057890
3308662
4470870
5300079
5817970
5483434
3759100
2261760
1689337
2071158
3042304
4088235
4914632
5432586
5101376
3470583
2107751
1914659
2532162
3350229
4100618
4720794
5129991
4918237
3487989
2195515
2127857
2872246
3674305
4216195
4599264
4962839
5060308
4200849
2941550
2607160
3118961
3736352
4094220
4344324
4730627
5128043
4996526
3952476
3053002
3020573
3423277
3803538
4158454
4589726
4939629
4843263
4096650
3276024
3138197
3473600
3959823
4452985
4780360
4664810
3972173
3222095
2906298
3075390
3441895
3832516
4333929
4750809
4665666
3773975
3052441
3117709
3633348
3989241
3936216
3866987
4078966
4207203
3772169
3338905
3586905
4163064
4428573
3874037
3145590
3032688
3402449
3669038
3545636
3557607
3843630
4062017
3676917
2967137
2792485
3151778
3594552
3630038
3325781
3283164
3568913
3794344
3636169
3424038
3563735
3735596
3564647
3072501
2776353
3075857
3676131
4103725
4114158
3846619
3617054
3127358
2383439
2001448
2254307
2978140
3778568
4311528
4375843
4169676
3751694
2846594
1975054
1735252
2133249
2854209
3508974
3836109
3814417
3698190
3335253
2599372
2002138
1980606
2465051
3006593
3288379
3414585
3563367
3616008
3224657
2536099
2047433
2031799
2278820
2550441
2821425
3179325
3585122
3655236
3178690
2567696
2268637
2228618
2292580
2620653
3265002
3943519
4258685
3806668
2845067
2167008
2046049
2165228
2420139
3010405
3809882
4418026
4282326
3149953
2013576
1598883
1883663
2424287
3018947
3641446
4204778
4363962
3603422
2370601
1648325
1806847
2566641
3355688
3937760
4299194
4488204
4202864
3226981
2179769
1718969
2075780
2895176
3727964
4314857
4535826
4551288
4211522
3334630
2428468
2052255
2407631
3073564
3711915
4136173
4146914
3745282
3145955
2494038
2109200
2138519
2582543
3183230
3630200
3827605
3730072
3336452
2758793
2241988
2122606
2473177
3071146
3620244
3909881
3858190
3437019
2759889
2077642
1783317
2109382
2912855
3745795
4327901
4481778
4184721
3483255
2630603
2032000
1983798
2548983
3447945
4261556
4715110
4519504
3793514
2965279
2322550
2043478
2148644
2635365
3380225
4137476
4714621
4774813
4063456
3049945
2310121
2150350
2493305
3114397
3822015
4407443
4833235
4897502
4230243
3084461
2140670
1974232
2693993
3729743
4608991
5189835
5308774
4850630
4016195
2972678
2179685
2085627
2843387
3937753
4841199
5470536
5646184
4692546
3505353
2850282
2766076
3118311
3784787
4594705
5292422
5788739
5907063
4899928
3308922
2544818
2946032
3935669
4816075
5448607
5865252
6001990
5420868
4172033
2919437
2342772
2866628
3966682
4916715
5604009
6066772
6102108
5069157
3819294
2966479
2702353
3102752
4004652
4898874
5583828
6072292
6294781
5265360
3696740
2911028
2959500
3446273
4160194
4923384
5562192
6015803
6136187
4838275
2978118
2260879
2752877
3712721
4567254
5187601
5600879
5803178
5551000
4476253
3019926
2213907
2681706
3877279
4872408
5568591
6012082
5848765
4726477
3553005
2665926
2197380
2562723
3708901
4728807
5485104
6010909
6203259
4693045
3007435
2288390
2316004
2704272
3311841
4086178
4800442
5286465
5224049
4173754
2890949
2240363
2360414
2981206
3667910
4190391
4548549
4642802
4284405
3514991
2523010
1729717
1547259
1976714
2697925
3459940
4051115
4344216
4256644
3713121
2776115
1830442
1298975
1431781
2233543
3291898
4139880
4590959
4412432
3569827
2537163
1731881
1383328
1665208
2489180
3504320
4361029
4886460
4761779
3783945
2513021
1646407
1407161
1726777
2400540
3207802
3946664
4447564
4451818
3722290
2654681
1780877
1386275
1637453
2342891
3215072
3987096
4475723
4602882
4247033
3372476
2305105
1624083
1594612
2164733
2945246
3593552
3941715
3886729
3455326
2861546
2307034
1906203
1818380
2158288
2928474
3832606
4522816
4669805
3990889
2807275
1739903
1202178
1245880
1747313
2459877
3154652
3677783
3921339
3828082
3329566
2561410
1875030
1552429
1663514
2135993
2765934
3325089
3629580
3512704
2981247
2268473
1664261
1367789
1465169
1846349
2276290
2666789
2906679
2942391
2760998
2319157
1739904
1266993
1148649
1449658
2028490
2636286
3014469
2980405
2593099
2115335
1641772
1322893
1188328
1236700
1454427
1767677
2092274
2315451
2306023
2049686
1643322
1310497
1093357
1026850
1147950
1466964
1963433
2513688
2946264
3077713
2817906
2229447
1565596
1140078
1038041
1238536
1536379
1852045
2124748
2341872
2356038
2111798
1701433
1225962
908751.8
923666.3
1284045
1803604
2254844
2453017
2390939
2134454
1730678
1345667
1084325
1019503
1163219
1466435
1827876
2170820
2381187
2238139
1785964
1278838
924869.8
728895
724056
857456
1117969
1473097
1794069
1925497
1858065
1644507
1386687
1181445
1078118
1123421
1263703
1423878
1505384
1499920
1441368
1373170
1248046
1106446
999789.5
985435.3
1092605
1327581
1598251
1847097
1984643
1867072
1566303
1214456
944692.5
786269.3
763601.3
837469.8
995873
1241881
1505754
1728417
1799787
1735126
1522691
1284657
1101813
1071636
1233179
1496427
1753589
1833410
1688540
1463027
1198739
953765
768727.8
670258
713144.8
898287.8
1176099
1480566
1657504
1637509
1449603
1221958
1070183
998337.3
964491.8
970679.8
1041049
1133084
1231045
1272464
1230263
1152776
1035085
886531.5
826326.5
877403.8
962679
1084903
1198966
1247586
1247386
1210924
1154024
1098362
1045839
996057.8
955672.3
935456.3
967604.3
1009080
1029749
1024654
1031593
1026361
1005514
1004549
1023003
1009854
962632.8
905667.3
889990.5
925071.3
985987.3
1034655
1032611
968448.3
870787.8
773086.8
688577.3
650895.8
660493.8
682172.3
711640.5
751388.3
798203
846406.5
887434.3
921027.8
909962.5
846734
755444.3
696626
702387
765889.3
858494.5
919793.8
906033.3
817297.3
688398.8
594243.3
572954
594613.5
632866.3
664606.5
687956.3
707272.8
725931.8
752515
777193.3
787428.8
780008.3
765122.3
729285.3
667112.3
593235
546341.3
539602.3
561533
590273.8
606264.5
611216.3
606480.8
609777.5
617276.3
611979
574718.3
528839.8
525376
567530.5
655152.8
747569.5
819898.3
835232
779481.5
679086.8
568741.5
478989.8
433360
429734.3
463948.8
510382.8
560813.3
583153.8
582828.3
552835.5
518243.3
485097.3
439741.3
398565.3
377634.8
394665.3
449956.8
541477.3
630863.8
684890.3
685457.8
631844.8
531875.3
421195.8
320004.8
279572.8
297124
362331.3
438251.8
506366
541661.8
536479.3
508724.5
461990.8
396914
334202.5
295278
303688
359736.5
445284.3
543420.8
635929.3
679056.8
653898.8
570290.3
459546.5
351378.5
273915.8
255685.8
288501.3
353585.3
437889.5
515361
571862.8
583979.8
542357.8
469007
382944.8
325807.3
295783
315452.3
379414.3
494475
619738.3
716699.8
738611.3
672965
535438.8
383554.3
262393.5
215430.5
237951
312764.8
396996.3
470043.3
502575
490737.5
419059.5
326205.8
226673.3
156345.5
130721
139223.8
182721.3
244715.8
308430.3
364178.5
386006.5
374077.5
345339.8
284036.3
210880.8
158555.8
140120.3
161802
219148.5
288977.3
346928.3
385922.3
395205.8
366476.8
311178.3
247195.8
203896
197372.5
222175.3
260436.8
298079.8
328263
350320.3
365540.3
371994
360498.3
323239.8
276082.8
229737.8
201962
188927.8
203884.3
231599.8
268781
296831.8
303257.8
288854.8
261042.3
222921.8
183660.8
152726.5
140589
140356.8
154027
175694.5
206346.5
238428.8
263234.3
277599
271792.8
240733.8
190690.8
147259.8
127486.3
138378.8
174914.8
221203.8
274631.5
298154.5
285374.8
248861.3
198985.8
151910.8
124643.5
116919.8
