182243.3
182943
116318.3
95267.75
90188.75
100447.8
112844.8
121703.3
142133.8
178019.8
204465.8
197901.8
167339.8
139510.8
126295.8
136276.8
149478.3
175666.8
213478.3
249811.5
280097.5
300811.5
291120.3
243345.5
200491.3
181276
182040
223085
284809.8
341738
371573.3
381281.8
403519
433002
397766.5
299249.3
249189.3
249135
287458.3
378535.8
512353
622120.3
630882.3
589291.3
518112.3
463271.8
399549.3
352906.3
394713.5
534342.8
706625.8
883987.3
951437.8
945502.3
873591.3
809577.5
703365.3
573860.3
525585
578255.3
673915.5
801289.3
999993.3
1272291
1329967
1118907
842416.8
713403.5
639498.3
621917.8
840138.5
1172301
1392711
1491246
1670105
1800021
1619761
1242061
966278.3
892664.8
916063.5
1138977
1504587
1853613
2070224
2218803
2205368
1894191
1499650
1191379
1060386
1087692
1337219
1778397
2143683
2391461
2529817
2489342
2232798
1769084
1363242
1169180
1220359
1578894
2080221
2607072
2994528
3112715
2822770
2411338
2127198
1804002
1511949
1617222
2016765
2511832
2952817
3543557
3833884
3646975
2959041
2313426
1941226
1703299
1742674
2273864
2841396
3248008
3616838
3869416
3722185
3101377
2483182
2080696
1798170
1848892
2324478
2976520
3383945
3716958
4164398
4306357
3729307
2595813
2004183
1988989
2204142
2776309
3608587
4353759
4675266
4648954
4720238
4400762
3456222
2438350
2162763
2426470
2820690
3444940
4332836
5023717
5233702
4881092
4330043
3393812
2650366
2275364
2333419
2656579
3381215
4253378
5002425
5440082
5333406
4614959
3815345
2963913
2327367
2185929
2700886
3521509
4411831
5162848
5726819
5985176
5358957
4151066
3205492
2574893
2311684
2607196
3243812
3723887
4128919
4705214
5160564
4978422
3743617
2641209
2255110
2183054
2469146
3233645
4152587
4833498
5246188
5620061
5885492
5592027
4227837
3002500
2359542
2163849
2428127
3168574
3959322
4653791
5168172
5487277
5208245
4016878
2891471
2292745
2053849
2369092
3250489
4063784
4469603
4745842
5138735
5431029
4864961
3352237
2387108
2230881
2330369
2579626
3193100
4023629
4734326
5145472
5028923
4490514
3718345
2942925
2325013
1993281
2202158
2920060
3695250
4313005
4735440
4929321
4907232
4538189
3645378
2648863
2185264
2302295
2783093
3497969
4262049
4922299
5314193
5372702
4977595
4174926
3270634
2415807
1929572
1946811
2477388
3220220
3877416
4311583
4682804
4927414
4754878
3787662
2641080
1897629
1672301
1951978
2802237
3793949
4608302
5070749
5223084
5049966
4498646
3681707
2757645
2082195
1877105
2187251
2860120
3597841
4279211
4670193
4872091
4837796
4249285
3450221
2606697
2093814
2167736
2694122
3533500
4413017
5135074
5530808
5443809
4829614
3950183
3044409
2266332
1805483
1973276
2544421
3251460
3948099
4449829
4808054
4965902
4710726
3912981
2887512
2164847
1881283
2009691
2343503
3009794
3953926
4724294
5149470
4934813
4227769
3618027
3016461
2440816
1971880
1868738
2305744
3129008
4021425
4698285
4978617
4762324
4383628
4006424
3408553
2573754
2016112
1980034
2380726
3129616
4010995
4781443
5289820
5417423
4986785
4149294
3213590
2431479
1977102
1901664
2208967
2980003
3814882
4532220
4975717
4972908
4691624
4071125
3414376
2647634
2149021
2112482
2460708
3072121
3763942
4500403
5147981
5522454
5559901
5036306
4079055
2998475
2279673
2029902
2199325
2781155
3815367
4763288
5452410
5853851
5741789
5300664
4737958
3885948
2918150
2349335
2444406
3042602
3882236
4675977
5302313
5710180
5748493
5285085
4676544
3756805
2779457
2280774
2405721
2934469
3648751
4410299
5117883
5647678
5931943
5635821
4672514
3697352
2896769
2401227
2303247
2635143
3208662
3831038
4427935
4913806
5105657
4862611
4168095
3460801
2916731
2574076
2452700
2558162
2888457
3405298
4098876
4790975
5311319
5408665
4922570
4342651
3805999
3381488
2890518
2477226
2383400
2828017
3614651
4362851
4845184
5036662
4993420
4975045
4908641
4482392
3474956
2536302
2368687
2962209
3839092
4610324
5135321
5549078
5933387
6184293
6073944
4860976
3326646
2435564
2286664
2591977
3070048
3774328
4597020
5292852
5787717
6034206
5640240
4577824
3508711
2928899
2673427
2582086
2791143
3434985
4274877
5014218
5477961
5449035
5122022
4737516
4357729
3682518
2842703
2368974
2302671
2670908
3410883
4251834
4977685
5460469
5589333
5505742
5171904
4531935
3389505
2475899
2254968
2414729
2875067
3664409
4511595
5234354
5738920
5905372
5434801
4547898
3537138
2710353
2291889
2233578
2549657
3306603
4234426
5038954
5610466
5855439
5411061
4487150
3703685
2869059
2282154
1927257
2006599
2587898
3467141
4238676
4779395
4875432
4640776
4532793
4410223
4006714
3122055
2291437
1871783
1980518
2460552
3023491
3439488
3814015
4229343
4625961
4988552
4973884
4240860
2964536
2036721
1829112
2030491
2490653
3037097
3626091
4201281
4697493
5016636
5073246
4697316
3730708
2642542
2053910
2017793
2149777
2358267
2748437
3348679
4017132
4613512
4889367
4461034
3619189
2807464
2248461
2059147
2059188
2181869
2430690
2818148
3266271
3703469
3943702
3885422
3554154
3091919
2642812
2224928
1946962
1783902
1853884
2056565
2461501
2948171
3391623
3640250
3516876
3344769
3096289
2751480
2360691
1948319
1736538
1807794
2079222
2552854
3103713
3533718
3750585
3600362
3297005
3029820
2713976
2350547
1977161
1813725
1923281
2265325
2711241
3083586
3330809
3344123
3211807
3088962
3068381
2896108
2523157
2134921
1967070
2068950
2345450
2603205
2730981
2823007
2877411
2809400
2725189
2679160
2589016
2425943
2263669
2194614
2279275
2425975
2519498
2585326
2663765
2675105
2601458
2492650
2358036
2275689
2192388
2087560
1986245
1921122
1936707
1986380
2132062
2376553
2679864
2862515
2948749
2913004
2812160
2658298
2438334
2130785
1806206
1607520
1535802
1645329
1879764
2178208
2470153
2673683
2815610
2923058
2901711
2647985
2262339
1852467
1590671
1484680
1521080
1633391
1756903
1945900
2207514
2476154
2610047
2595688
2354000
2021417
1762505
1577013
1474725
1482025
1554067
1661815
1824997
1990610
2142061
2306619
2422526
2402168
2228676
1971156
1701610
1493662
1385382
1330610
1328155
1416285
1583193
1772467
2006557
2233115
2366872
2353131
2120760
1883365
1615461
1358125
1207798
1171993
1290909
1537170
1810289
2003991
2202082
2300951
2271405
2121405
1866556
1590655
1308407
1122889
1035634
1065456
1250255
1488623
1753921
2012040
2176322
2154949
1972144
1693035
1446770
1249572
1067737
962655.3
957777.8
1078275
1235861
1357192
1499992
1733153
1936096
2008353
1924108
1740535
1508824
1265945
1054084
953418.5
950231.8
969343
1028735
1147558
1330410
1538222
1748804
1918004
1926602
1814579
1561070
1267928
1043508
937616.3
931016
959777.3
1013706
1107753
1213905
1315866
1434853
1498051
1511558
1426257
1259811
1117995
966483.3
862227.3
846635
890287
978444.3
1081180
1176735
1266441
1335384
1373066
1348572
1256661
1107912
968611
875918.5
820318.3
804407.8
820474.5
865774
934420.3
1022210
1121267
1244745
1313551
1285362
1186873
1036257
894506.8
781311.3
699094
691241.5
730446.3
762662.5
813620.3
881012.8
963931.8
1101423
1174177
1130149
1064656
971706.3
846857.3
731372.3
649879
611553.3
630518.3
678629
754017.8
834268.5
904908.3
973952.8
1006286
995220.3
924711
823190.3
716383.8
622004
557058.5
523300.8
538129.5
587610.3
651972
729977.5
810938.8
857197.5
872165.8
871756
824338.3
752880.8
680790.8
603653.3
535077.8
480964.3
456683.5
498727.3
586961.3
676313.3
743189.3
803178.8
857337.3
868360.8
838501.3
779375.8
705834.3
638809.8
566632.8
500935.3
463559.8
481844.8
546132.8
624612
719807.3
779067.8
811006
803461.8
741635.3
678180.5
603362.8
543046
489378.5
438078
411740
439228.5
517160.3
605300.8
708757.3
804720.8
861910.8
860650.3
807026.5
704570.5
584743.8
488449.8
413689.3
371673.3
371725.5
404929
473806.8
550183.8
598049.8
653219
673304.8
676619.3
644215
573920.3
487466.3
414031
359366.3
333519.8
331631.3
369753
430242.8
504458.3
546089.5
559102.5
548303
524108.8
487912.3
450051.3
399759
369357.5
334807.5
318589.8
313781.3
318661.5
332545
343427.8
367885.3
395607.8
418862.3
437482.5
438366.5
416441.5
405315.8
382092.3
338924.8
310875.8
296724.3
283658
281980.5
283265.3
279336.3
281202.3
300005.8
325064.8
347830.3
364767.8
367640
363496.5
344507.3
322792.8
298555.8
273047
249408.3
231308.3
223482
232454.3
252791.8
274654.8
298757.8
316202
326015.8
329548.3
319659.8
294961
263511.8
231381.8
204126.8
188690.3
184365.8
193180.8
213654.5
242929
267924.8
283023
289934.5
288218.5
276032.8
256570.3
230475
206580.8
182661.8
165938.8
155351.8
156522.3
167890.8
186338.8
209303.8
231791.5
246270.5
252530.8
247433.3
231353.8
211886.8
189379.5
164995.8
