40143.5
40359.25
61797.25
55011.25
54275.5
55030.25
55967.75
58193.25
60562.5
62590.25
66151.25
66727.5
70454.25
73606.75
77012.5
80378.75
83515.25
86452
90858
93428.75
97988
99676.25
105724.3
109869.3
113099.5
116695.8
122819.5
126235.3
130280.8
133916.8
140431.5
143045.3
150042.3
154801.3
160457.8
165690.8
170342.3
177504.8
182947.8
188880.3
194131.3
201552.3
208387.5
213931
221777.5
227822.8
234604.8
241732.8
247815.3
257589.8
266004
274419.8
281896.8
288798.8
298340.8
305685.8
310882.8
321261
331572.5
338980
348039.3
358308
366121.3
372837.5
382393.8
391819.3
404163.5
409957.3
426311.8
434564.3
440966.3
453302.5
462809.5
470921
479343.8
491688.5
505136.8
514862.5
526673.5
539139
550661
559385.3
573147.3
583868.3
596634.3
611547.3
621386.5
629117.8
649166.5
657458.8
665419.5
677037.8
690017.3
702309.5
718188.3
728017.3
736817
744921.5
762545.3
770143.3
786918.5
801842.5
815444.3
824052.8
837424.8
849831.3
859838.8
875061.8
887380.8
895863.5
906818
920653.5
938387.8
949909
962055.5
979162
997936.3
1010812
1018411
1022399
1029851
1051139
1052608
1078328
1067340
1105826
1118820
1115087
1135003
1141993
1156151
1169840
1182332
1190686
1197516
1223459
1230652
1236208
1241027
1254080
1266554
1281404
1290248
1294982
1295846
1303041
1312111
1321191
1328466
1340629
1357544
1367882
1372525
1370975
1373275
1384955
1393979
1402094
1408818
1408601
1419187
1427538
1437553
1447128
1447793
1456918
1452203
1456594
1471702
1474623
1474300
1474943
1480008
1483504
1490123
1492871
1498591
1506315
1514760
1511872
1508958
1508388
1517214
1521468
1520692
1522634
1530420
1533489
1530880
1530910
1531909
1529450
1521111
1527646
1541722
1532657
1522866
1525946
1532502
1518259
1515301
1525147
1528457
1516569
1503049
1517164
1522849
1517323
1518583
1517376
1512165
1489224
1496448
1511633
1508310
1496760
1505454
1509742
1497152
1501132
1507206
1494931
1481933
1487229
1478290
1472239
1473451
1479973
1476851
1465629
1459995
1462976
1465661
1465740
1443046
1449570
1447279
1438044
1437422
1441176
1442141
1434902
1426394
1411588
1413878
1405829
1399951
1399564
1406130
1402824
1385974
1384497
1388958
1386305
1378962
1375970
1370812
1361193
1362091
1367264
1355836
1353506
1351055
1352596
1343675
1334583
1340747
1339142
1336402
1330312
1326784
1321654
1308246
1309388
1308759
1307866
1303508
1305826
1298404
1293238
1281880
1281548
1283183
1287302
1296403
1283391
1277017
1281076
1283527
1279918
1273562
1280555
1283823
1274267
1266660
1262682
1259627
1259054
1259219
1266997
1263774
1259945
1267353
1268546
1260866
1250178
1251229
1250685
1240875
1233626
1234071
1232824
1233418
1238028
1250567
1253496
1242669
1237848
1244861
1244771
1230537
1223862
1214701
1224027
1234314
1230040
1226225
1234607
1230699
1220923
1215974
1221341
1222237
1206746
1202586
1204664
1204610
1192610
1190158
1196509
1205781
1208210
1209699
1216976
1209042
1195620
1196599
1203739
1203524
1202773
1204015
1205391
1197846
1200958
1198709
1207186
1196746
1196141
1198752
1206419
1196981
1193696
1204907
1199852
1195514
1189509
1197860
1203903
1197118
1198978
1206590
1210273
1203123
1196083
1204811
1208277
1206478
1197655
1203499
1200968
1197360
1195216
1197203
1207817
1202451
1205194
1209010
1218534
1213699
1213127
1212818
1213199
1208105
1201418
1201567
1210962
1219651
1212908
1205820
1201456
1203336
1203758
1199061
1206555
1210155
1213474
1203790
1204655
1211715
1207178
1201679
1208609
1218894
1221706
1210456
1210187
1219128
1229428
1230336
1227726
1233337
1228731
1223411
1219830
1229499
1227099
1221408
1216172
1221615
1232479
1221273
1215615
1208242
1221707
1222301
1211813
1210802
1211395
1211949
1215328
1214524
1217327
1214325
1212999
1212996
1223109
1230504
1223276
1219725
1213364
1203380
1206639
1214027
1210716
1206391
1204782
1206124
1207761
1202581
1202712
1212836
1214969
1206634
1201661
1202595
1205908
1207262
1205029
1206006
1210356
1214267
1206777
1198818
1206884
1209800
1207574
1190475
1193856
1211621
1211879
1200694
1203241
1215052
1217220
1210018
1203545
1216014
1218785
1223965
1216940
1214165
1219480
1218796
1208586
1199141
1201183
1211712
1215639
1209913
1207678
1216407
1212899
1218461
1211296
1212900
1210874
1208264
1207871
1207455
1210235
1213727
1214493
1210037
1206644
1209230
1213555
1213865
1206241
1203564
1209129
1209789
1203652
1197755
1201735
1208724
1212907
1205258
1204703
1204407
1200251
1198905
1199052
1196649
1197975
1203497
1197506
1191332
1188085
1201599
1205027
1195628
1189827
1195123
1195689
1188006
1178037
1180811
1184572
1189881
1187176
1181164
1181471
1181420
1180665
1170800
1172013
1173303
1177084
1181280
1176269
1162075
1153050
1155915
1167893
1168542
1161363
1154105
1155645
1160203
1156409
1151360
1149179
1138378
1131064
1131478
1128814
1132762
1129393
1125712
1125805
1126322
1119738
1115300
1113403
1112068
1107793
1105167
1106196
1105847
1100071
1102303
1102375
1097643
1088102
1085546
1086503
1087692
1088839
1084851
1074678
1063646
1061785
1064396
1061139
1063465
1063679
1069939
1064645
1063503
1051813
1047300
1046561
1047768
1046657
1039895
1030751
1027917
1030636
1022034
1015295
1015397
1016328
1010739
999988.8
994573.5
994285.5
1001225
1001090
997053
989747.3
986105.8
983564
979780.8
975938
973315.3
970607.3
966004.8
960753.8
955986
945535.5
934492.8
933665
939049
942589
945048
933235.3
928310
920517.3
920199.3
918141.8
915346.5
912604.3
911163
912246.3
904981.3
895642.5
897433.8
899526.8
901183.8
887533.5
873927
866471.8
872558.5
874865.3
873070.3
867672.3
862848.5
862024.5
865331.3
856116.5
852885.3
839743
836668.5
835030.3
831587.3
826636.8
817160.3
817691.8
813832.8
810936.5
806673
808177.5
805625.8
797560.8
794693.8
791629
791263.3
791441.3
787378.3
787766.8
782201.3
774444.8
769286.5
764434.5
759697.8
762137
758149
752042
746628.8
743023.8
734663.8
732830.5
732041.3
727898.3
722450
720252.8
717967
710258.8
710391
707714
705349.3
699734.8
695953
688599.3
694403
697024
695484
681664.3
676409.8
674952.3
676017.5
679567.3
676414.3
665032
658267
655959.8
665661.8
668067.8
658872
646057.3
637770
639630.8
639508.3
634729.3
626609.3
617159.8
616067.3
620128
622898.8
619347
611759
611312.5
610262.5
610987
601746.3
596028.3
590221.5
587792.3
588270.8
587778.8
579369.8
574442
571009.8
583113.3
585388.8
574756.3
562917.8
556676.8
562060.3
571708.8
572666.5
557563
541315.3
537369.3
543773.3
549353.5
547932.8
533758.3
520867.8
522825.5
532763
536183
531855.8
516507.3
505315
505648.3
508493.8
512025.5
506373
496766.5
487693.8
490804.5
494716.3
490032.5
487075.3
480678.3
471718.8
472070.3
476089.5
475275.5
468187.3
464161.3
461075.5
458161.5
460414.8
465488.5
460688.5
450539.8
441559
444655
450842
451484.3
448596.8
439448.5
432508.8
430967
435409.3
441671.3
433364.8
421946.3
415365.8
415751.3
423865.3
425771.5
421350.5
410173.5
401436
400153.8
405176.5
404718
396760.3
388398.3
384216.8
384378.3
389366.5
387336.8
383589.8
380830
375295
371576
372774.3
372591.8
369084.3
365307.8
361326.3
353814.8
352941.8
351682.3
352367.5
350188
344284.8
341484.8
337997.8
339518
340318.5
337323.3
330097.5
325985.8
325783
329072.3
328663.3
321943
316009.8
311649.5
307963.5
308037.3
308756.5
305624.3
300934.8
299008
299795.8
301736.3
300130.3
293740.5
287345.5
285756.3
288697.8
288719.3
286316.8
280820
274982.3
270310.3
273034.5
274343
274357.3
267978
260720.5
258630.8
263326.5
264800.3
261136
255405.5
248897
246715
246065.3
250115.8
244912.5
243348.3
240060.8
234596.8
233487
231822.5
230478.3
229728
227331.8
224181.3
224344
220607.8
216792.3
216760.8
215987.3
216567.3
215180.5
209451
205129.3
203705.8
203674.3
210065
206206
203372.5
197453.8
193559.8
193624.8
194292.8
193119.3
187453
182928.8
182089.5
182431.8
180725.3
178650.8
173836.8
172782.8
173308.8
175503.5
174991.8
172801.3
165465.3
161117.5
161225
164040.5
164013.5
160321
155346
149953.3
147550.5
149316
150821.5
148925.8
144796.8
139411.8
136344
136517.3
135766.3
136255
133435.8
130246
128533.8
127157.8
127374.8
126796.8
123012.3
119772
116073
115468
117184.5
117156.5
114265.8
112460.3
108603.8
106113.3
107428.5
106553.5
105830
101499.3
98321.75
98594.75
94545.5
94373.75
92355.75
91929
92537.75
90018.75
87119.75
85921.75
83555.25
83741.75
82791.75
81052.75
78234.25
77494.75
76258
75342.25
75051.75
74923.75
72507.25
70055.75
67079.75
65378.75
65209.75
64537.5
64164.25
61781.5
60832.75
56744.75
55675.75
60707.25
57308
55679.75
54231.75
52074.75
51457
51271.75
51027.25
48795.75
47625.25
45309
44927.75
45221
43773.75
42699.5
42080.75
41375.25
40352.75
39287.75
38478
36693.25
36889
35929.5
35665.75
32882
32506.5
32298
29342.5
