73463.5
73679.25
21337.25
16455.25
14767.5
15998.25
15507.75
15353.25
16294.5
18322.25
19503.25
21983.5
22378.25
24578.75
25128.5
26114.75
27347.25
28856
31834
32500.75
35156
35416.25
36704.25
38469.25
40271.5
41487.75
42375.5
46267.25
48408.75
51092.75
53323.5
52605.25
56746.25
58173.25
62401.75
62398.75
66098.25
69928.75
72039.75
73212.25
78463.25
81124.25
80819.5
83983
90401.5
92162.75
92280.75
100836.8
101207.3
103841.8
109400
111627.8
113868.8
118390.8
125552.8
126233.8
129526.8
136097
140220.5
140488
145739.3
151248
153825.3
158161.5
165813.8
170003.3
172351.5
177193.3
184503.8
185140.3
189638.3
194834.5
203865.5
204837
209451.8
217988.5
223344.8
226882.5
233457.5
241163
241737
251413.3
259463.3
261140.3
265814.3
278347.3
281998.5
282589.8
295498.5
299982.8
304135.5
310517.8
314453.3
323413.5
335484.3
335793.3
339833
352221.5
356993.3
356975.3
375654.5
386294.5
381808.3
391368.8
407120.8
408103.3
406686.8
428573.8
433276.8
430335.5
449382
464645.5
455723.8
461057
484627.5
489358
487664.3
507204.3
514803
511650.5
512914.8
532299.3
537099.8
543780
541359.5
568421.8
575227.5
571970.8
585698.5
593640.5
598279.3
599116
622079.8
635670
628219.5
654163
669924.3
648348.3
643170.8
680975.8
690593.8
672124.3
701436
732350.3
707510.3
707089
741862.8
737138.8
708714
737536.8
768731.8
749081.8
756581
796919.3
795410.8
777102.8
800882.8
819946.3
802870.3
796464.8
821807.3
828729.8
829224.8
844987.5
862313
862869.5
863867.3
872542.3
892410
894378.8
882632
893270.8
924039.8
925155.5
899883.3
915006.8
934531.3
919406.8
918331.5
961616.3
976313.8
950516.3
966482.3
1003580
989476
965237.5
991587.5
1018933
1005852
993505.8
1015449
1023938
1009887
1018802
1040494
1042853
1026874
1038998
1071734
1079863
1065957
1076755
1093869
1071033
1051801
1086384
1117773
1099395
1107795
1138956
1122797
1089860
1124216
1156061
1125130
1123100
1169874
1164642
1137296
1173168
1204470
1169347
1159681
1196869
1182218
1159031
1200703
1233405
1204103
1208113
1238179
1203556
1186249
1245352
1248362
1202526
1227367
1297624
1253686
1196036
1270781
1350650
1285498
1226900
1283454
1282545
1219547
1262476
1349010
1335232
1285062
1313573
1322318
1293009
1313750
1352646
1349868
1340249
1355903
1323948
1296336
1372546
1408651
1341172
1334631
1424071
1407863
1303442
1364962
1470256
1411512
1332602
1410586
1463612
1376827
1373078
1502476
1499558
1379324
1413190
1526068
1473376
1397899
1493410
1573911
1476647
1434573
1542400
1570079
1494594
1503946
1589955
1550859
1501319
1562732
1596834
1535231
1551318
1627167
1609241
1556038
1636937
1721933
1637922
1559794
1630502
1694385
1615777
1590259
1679162
1720067
1658844
1631830
1660716
1690867
1722832
1742945
1714800
1703725
1762183
1759849
1682250
1682133
1838067
1872630
1722700
1720313
1907671
1902335
1728815
1755758
1948669
1914341
1698454
1724758
1908192
1860538
1701930
1778018
1945733
1889317
1762274
1875623
2040456
1930658
1782528
1898223
2036739
1929424
1802533
1893263
1996503
1923746
1854982
1933177
1998298
1941686
1918233
1987008
1988011
1879089
1851052
1950323
1945744
1854298
1862573
1998492
2035475
1897790
1878706
2054822
2155133
2013751
1894375
2004015
2151233
2059470
1877859
1926543
2100132
2097952
1912548
1883119
2063665
2136363
1986786
1909682
2069146
2169507
2010903
1864938
2001931
2162485
2051078
1868443
1992554
2198307
2099220
1861748
1926404
2199128
2185746
1925913
1921507
2180243
2238302
1979194
1893903
2145627
2285318
2063239
1910709
2108062
2292230
2092008
1867543
2017380
2301380
2235648
1944106
1934485
2136939
2142567
1924786
1907323
2146255
2239096
2016328
1866119
2017879
2176605
2066703
1904630
1991875
2187153
2143821
1980970
1982991
2125393
2132580
1982788
1965599
2107301
2155955
1992684
1916165
2067312
2198600
2079857
1905468
1991636
2213379
2190303
1929476
1857559
2085382
2241900
2045997
1806149
1896720
2148176
2112229
1816866
1740969
1987995
2180280
2027410
1806217
1866694
2077152
2100579
1926489
1888066
2037504
2122768
2003922
1884483
1942604
2021773
1963007
1883754
1963889
2060428
1983104
1848810
1892793
2062818
2076061
1924161
1875724
2030505
2144824
2039896
1900214
1956933
2082735
2025672
1881563
1906777
2084470
2103671
1902623
1796801
1954332
2136816
2048158
1843248
1864275
2084723
2164139
1989607
1865185
1990677
2164356
2099826
1929459
1915013
2089697
2141760
1967873
1846201
1963824
2144043
2094711
1904636
1880735
2087762
2209539
2039787
1858083
1957649
2234352
2236233
1978139
1850381
2033362
2268044
2191969
1942255
1874283
2061472
2187047
2060015
1862089
1893914
2063873
2093303
1932844
1844857
1959248
2081280
2006855
1853056
1836117
1968576
2026433
1922051
1807784
1859580
1984517
1975559
1869430
1789471
1869041
1969650
1967707
1881909
1808717
1848023
1914201
1934856
1876507
1764794
1748912
1804542
1871850
1849618
1749621
1719760
1797917
1876022
1817078
1703636
1658899
1717064
1798469
1777279
1712620
1677047
1697927
1743475
1746879
1727867
1684530
1648178
1657703
1710776
1761903
1710791
1600658
1573442
1675825
1757452
1671371
1538989
1542535
1706351
1779597
1645175
1473073
1529012
1738665
1765576
1538841
1374047
1505323
1784281
1791760
1496606
1296611
1451889
1783164
1814227
1507881
1283982
1382702
1660485
1736986
1533029
1352935
1396894
1577136
1641421
1506678
1376963
1377587
1472469
1541950
1483870
1380124
1347185
1401573
1489781
1486181
1393440
1334503
1370038
1462681
1473311
1349398
1250927
1287692
1451423
1516766
1369557
1203139
1222542
1404563
1513796
1395902
1211411
1193484
1345227
1438449
1341454
1204204
1199857
1319937
1391787
1304033
1202745
1221019
1316001
1334354
1248563
1182685
1226520
1320824
1312681
1213633
1165577
1236578
1322086
1291649
1178826
1134349
1208239
1302665
1291462
1207123
1139201
1164289
1243383
1272327
1228558
1160549
1130857
1154262
1216441
1253772
1200668
1112679
1052389
1095846
1217014
1252897
1155411
1021087
1016935
1163246
1284165
1226191
1067233
984195.3
1086151
1225384
1216228
1070556
984857.8
1050040
1198666
1233631
1128614
1014892
1034307
1141480
1192118
1121696
1030628
1023049
1098538
1139907
1099800
1032665
1024545
1068408
1105395
1087084
1042731
1026803
1033971
1045901
1023907
1011303
1008250
1015860
1014814
996200.3
993346.8
996186.8
992061.8
980946
980845.8
1013893
1043777
1015532
954665.8
920340.8
954760.3
1022481
1029627
959783
887843.3
898653.3
978361.3
1022974
979188.8
890758.3
857875.8
916477.5
990675
976959
895519.8
826383.3
844703
931668.3
963073.8
922337.5
853853
827110.5
868969.8
938244.5
944536.3
887016.5
829319.3
801978.3
816342.8
866198.3
897825.5
884635.5
828519.3
785461.3
782375.5
832773.5
898334.8
904360.5
815308.5
716623.8
708119
812127
924462
897496.3
763708.8
654600.5
678600.8
822239
926165.3
866263.3
700400.8
605206.3
674785.8
837963.3
907005.3
803715.5
637454.5
579153.5
682276
831409.8
868800.5
751722
607152.3
588318.3
683620.8
788026.3
790158.5
698640.8
625873.8
634062
693263
723340
697882.3
649623.8
634216.3
663759.8
688814.3
673210.8
636161.8
610626.3
620831.5
649592
650352.8
624704.8
592181.8
583706
603546.5
630063.3
632833.5
609681.8
580443
563740.3
559523.3
565655
571145.8
572497.5
561671.5
540325.3
521528.5
518396.3
530842.8
548432
555407.8
538784.3
506714.3
495564.5
515825.5
539940.3
543833.8
514343.3
483380.8
476932
499178.3
516878.3
512462.5
489495
461425.3
459806
478252.5
496630.8
497042.5
473764.3
452012
450089.5
465001
476147
465977.3
440991.8
418176.5
412804.3
426652.8
436420.8
436263
417462.5
398982.3
388712
388695.8
410297.3
426644
426239.8
400528.3
369556.8
355455.3
365555.3
389396.5
397471
376013.3
343649.8
325054.3
332397
356146
367592.5
361673.8
338739.8
323096.8
329952.8
340679.3
336441
326680.8
310133.5
305239.8
313053.3
314786.8
302832.8
280834.8
274220.8
289743.5
305891.8
308937.3
282085.3
259173.5
258329
279708.5
298721.5
295981
261970
234205.3
235134.5
261652
282197.5
276017.8
243804.8
209859.8
209648
236001.3
261906.3
259539
229587.8
203074
198029.8
219501.8
240186.8
236752.8
211548.3
190220
186045
205908
220476.5
216640.5
197565.8
180528.3
175243.8
189413.3
205484.5
204133.5
189130
170043.3
162105.8
168566.8
174989.5
171009.8
160423.8
153333
152513.8
155230.8
153283.8
148277.8
144959.3
146097.8
148003.8
147216.8
141066.3
132234.8
130046
135794.3
143595.8
140135.8
131055.3
117655.8
113727.8
117738.8
125185.8
125465.5
120808.3
109857.5
105100.8
101012.8
108987.8
118779.3
112524
101375.8
96119.75
99198.75
105721
106487.8
97199.25
84971.75
82849.25
87197
96811.75
96629
86613.75
73163.5
66356.75
71363.25
80812.75
89267.75
84650
73821.25
61641
61157.5
67081.75
76198
77726.5
69426
55522.5
