74891.5
74155.25
18957.25
15979.25
15243.5
14094.25
15983.75
16305.25
16770.5
18322.25
19979.25
20079.5
20474.25
23150.75
24652.5
27066.75
27823.25
29332
30882
31072.75
33728
36368.25
35752.25
38469.25
40271.5
42439.75
44279.5
46743.25
48408.75
49664.75
54275.5
55937.25
56746.25
60077.25
61925.75
65254.75
67526.25
68976.75
71087.75
75116.25
79415.25
81600.25
84151.5
88267
91829.5
92638.75
93708.75
100360.8
105015.3
106221.8
110828
115435.8
117200.8
122198.8
128884.8
128137.8
133334.8
139429
144504.5
144296
150975.3
155056
158109.3
161493.5
168669.8
172859.3
178063.5
182429.3
189739.8
193708.3
196302.3
202926.5
210053.5
211025
213735.8
225128.5
229532.8
233070.5
245357.5
250683
253161
259505.3
269935.3
269708.3
278190.3
289771.3
294850.5
297345.8
308350.5
312834.8
318891.5
323845.8
329685.3
341501.5
353096.3
354357.3
358873
369833.5
376033.3
375539.3
396598.5
405334.5
400372.3
415644.8
434252.8
428571.3
429534.8
452373.8
457552.8
450327.5
476514
496537.5
483331.8
490093
516519.5
518870
517652.3
538620.3
550027
541638.5
549566.8
573711.3
574703.8
582336
578963.5
608405.8
616639.5
613858.8
629490.5
638384.5
643023.3
645764
672535.8
688030
675343.5
703191
723712.3
703088.3
691722.8
739047.8
748189.8
728768.3
760936
800418.3
770342.3
761829
807074.8
802350.8
766310
805604.8
842511.8
816673.8
821317
872603.3
873474.8
847074.8
874662.8
898486.3
881410.3
874052.8
901299.3
908221.8
905384.8
924003.5
942281
948549.5
945739.3
955842.3
979042
983390.8
968788
980854.8
1020192
1021784
991275.3
1009255
1032587
1012703
1011152
1062052
1078654
1047144
1065014
1111632
1094672
1069958
1099164
1129365
1115332
1100130
1127309
1140558
1122699
1133518
1154734
1156141
1144922
1154666
1191686
1208859
1191145
1201467
1220961
1200505
1177465
1210620
1243913
1228391
1234887
1268904
1255125
1220284
1257496
1294577
1257458
1256856
1308390
1303634
1269148
1315492
1351078
1308815
1302481
1343477
1327398
1298975
1346359
1389057
1352139
1355673
1388595
1349212
1330477
1398624
1404966
1349134
1374451
1458512
1409814
1336932
1425481
1514870
1443054
1375412
1439106
1435817
1364251
1416700
1514658
1497548
1438334
1470177
1485586
1447233
1470354
1519246
1504568
1498281
1521551
1479124
1449132
1532006
1582867
1503488
1491711
1594003
1579223
1453858
1516330
1637332
1574304
1481114
1570522
1634020
1536287
1528254
1673836
1675678
1529740
1564558
1702664
1646640
1551171
1654298
1746699
1631347
1583561
1699004
1737155
1657386
1666738
1759411
1716983
1661731
1723620
1757722
1690407
1702210
1788531
1767273
1707406
1796873
1894245
1800714
1717350
1789486
1857653
1771429
1751147
1844334
1885239
1814972
1788434
1807324
1846995
1879436
1910973
1880924
1854141
1913551
1920261
1824098
1815889
1996575
2041610
1877400
1859305
2064751
2073695
1873995
1891418
2103369
2077133
1838398
1853754
2053848
2019522
1832830
1899874
2086153
2040685
1887462
1996051
2185636
2085358
1909144
2019127
2177635
2071748
1924865
2006075
2129307
2064166
1973506
2047417
2133006
2071158
2029141
2092680
2110819
2004753
1956724
2051235
2058080
1968538
1953489
2094168
2149239
2009650
1967242
2140502
2266041
2131323
1986243
2083031
2250717
2175614
1975439
2001275
2187240
2197436
2001560
1951663
2141253
2230611
2070086
1970610
2137690
2253283
2088015
1920630
2060479
2243405
2131522
1926991
2040154
2267803
2182996
1924104
1969720
2249108
2256194
1979701
1954351
2222607
2306846
2047738
1936743
2181327
2338630
2127023
1948789
2131862
2336974
2147224
1908479
2038324
2330892
2278488
1986946
1958761
2161215
2183027
1961914
1927315
2162915
2270988
2047268
1881827
2029779
2196597
2088599
1920338
1997111
2196673
2164765
2000962
1994415
2134437
2150668
1994212
1968931
2107301
2155479
1999348
1916165
2063980
2194792
2081285
1911180
1984972
2207667
2189827
1937568
1854703
2069674
2229048
2049329
1806625
1881488
2125804
2103661
1819722
1728117
1958483
2162192
2021222
1793365
1837658
2048592
2093439
1915541
1859030
1998948
2101824
1997258
1860207
1905000
1993213
1955391
1869950
1922953
2018540
1959780
1832150
1862805
2018074
2037981
1906549
1848116
1981953
2099604
2010384
1877842
1919805
2034659
1988068
1855383
1869173
2034014
2063687
1871683
1769669
1911016
2089216
2009602
1813260
1818103
2023795
2110351
1957239
1835673
1939269
2104380
2059366
1893283
1876457
2037813
2089876
1937409
1815737
1918604
2093587
2050443
1869412
1839799
2032070
2153371
1999327
1823811
1913381
2171996
2186253
1940535
1808017
1978146
2208544
2147225
1909887
1837155
2011492
2134211
2020031
1829245
1849170
2007705
2048083
1902380
1812013
1909268
2022256
1961635
1821640
1794229
1915264
1974549
1882543
1775416
1817692
1936441
1927959
1831350
1757579
1832389
1925858
1927723
1852397
1778729
1814703
1877549
1898204
1842711
1731474
1714640
1767890
1847098
1817250
1722013
1686440
1767453
1850794
1791374
1673172
1628911
1692312
1773717
1745387
1675492
1645155
1671747
1723959
1728315
1695975
1651210
1627710
1639615
1689832
1725727
1678899
1583522
1562970
1660117
1729844
1645667
1524709
1525875
1682551
1751037
1625659
1467361
1513304
1716293
1744632
1525513
1367383
1490091
1757625
1775576
1488514
1296611
1436181
1756984
1792807
1499789
1285886
1371754
1638113
1716518
1528269
1353887
1388802
1562380
1619049
1499062
1376963
1378063
1470089
1530050
1473874
1382504
1352897
1396813
1477405
1475709
1393916
1342595
1371942
1454113
1461411
1341782
1254259
1293404
1443807
1507722
1370033
1215039
1228254
1399803
1509512
1399234
1216647
1200624
1346179
1438925
1348118
1212296
1202713
1315653
1387027
1311173
1211789
1223399
1316477
1336258
1253323
1190777
1231756
1323204
1310301
1214585
1173669
1245622
1325418
1289269
1179302
1133873
1212999
1312185
1297650
1211407
1143961
1172381
1255283
1282799
1233318
1164833
1131809
1164258
1224533
1259960
1207332
1116963
1058577
1101082
1220822
1260513
1165407
1030131
1022171
1166102
1286069
1235711
1075801
990383.3
1092815
1228240
1229080
1083408
993425.8
1054324
1201522
1242199
1139086
1026792
1042875
1146240
1204494
1130740
1035864
1028285
1104250
1153235
1107892
1041233
1031685
1077928
1117295
1096604
1053203
1034419
1040159
1056373
1036283
1020347
1016818
1023952
1023858
1004768
1001915
1004755
995869.8
990466
995125.8
1022937
1049489
1019816
963233.8
927480.8
967612.3
1031525
1041051
969303
897839.3
907221.3
985977.3
1031066
990136.8
898850.3
865015.8
928377.5
999719
986003
905991.8
833999.3
849463
938808.3
974021.8
927097.5
861945
834250.5
877537.8
944432.5
951676.3
892728.5
831699.3
808642.3
828718.8
873338.3
903061.5
889395.5
840895.3
791173.3
789991.5
837057.5
901666.8
911024.5
824828.5
730427.8
716687
815459
927318
902732.3
772276.8
662692.5
683360.8
824143
928545.3
875307.3
710872.8
614726.3
676689.8
835583.3
911765.3
811807.5
644594.5
585817.5
683228
831409.8
871180.5
758386
616672.3
597362.3
689808.8
790406.3
795394.5
707208.8
632061.8
639298
694215
725720
705022.3
658667.8
643736.3
672327.8
695478.3
678922.8
637589.8
615862.3
629399.5
657208
657968.8
629940.8
595989.8
591798
609734.5
634347.3
636165.5
618725.8
588535
571832.3
569519.3
571367
580189.8
580113.5
569763.5
547465.3
527240.5
522204.3
539886.8
559856
563975.8
542592.3
511474.3
499372.5
521061.5
549460.3
550973.8
523387.3
488616.8
483596
507270.3
525922.3
519602.5
495683
471421.3
466470
487296.5
507578.8
505610.5
479476.3
454392
452469.5
472141
486619
475021.3
447655.8
422460.5
417564.3
431888.8
444512.8
442451
422698.5
403742.3
392520
400119.8
415533.3
433784
430999.8
406716.3
373840.8
359739.3
372219.3
396060.5
404135
382677.3
348409.8
330290.3
339537
359478
371400.5
366909.8
345879.8
331188.8
337568.8
344963.3
341201
328584.8
313941.5
309999.8
319241.3
323354.8
309020.8
286070.8
279932.8
292599.5
309223.8
313221.3
289225.3
264409.5
263089
282564.5
305861.5
301217
269586
239917.3
239894.5
264984
287433.5
283633.8
252372.8
216523.8
212504
236477.3
265238.3
264299
237679.8
208310
202789.8
224737.8
243994.8
243416.8
217736.3
193552
190805
207336
228092.5
224256.5
203277.8
185288.3
179527.8
192745.3
208816.5
207941.5
193414
173851.3
166389.8
173326.8
177845.5
173865.8
163279.8
156665
156321.8
159990.8
157091.8
152561.8
147815.3
148953.8
153715.8
151500.8
142970.3
136042.8
133378
139602.3
147403.8
146799.8
134863.3
120511.8
112299.8
116310.8
127089.8
130225.5
124616.3
115569.5
108908.8
102916.8
110891.8
123063.3
114904
105659.8
100403.8
103958.8
109053
109819.8
98151.25
86399.75
83325.25
89101
99191.75
102817
90897.75
76971.5
69212.75
71839.25
83192.75
91647.75
86078
75249.25
63545
62109.5
70889.75
78578
78678.5
69426
57902.5
