13487.5
13703.25
17053.25
14075.25
13815.5
14570.25
12175.75
14401.25
16294.5
16894.25
18551.25
18651.5
19046.25
20770.75
21796.5
22782.75
24967.25
25524
28502
31548.75
32776
34464.25
33848.25
35613.25
37891.5
37203.75
42375.5
44363.25
46028.75
45856.75
49515.5
50701.25
52462.25
53413.25
55737.75
59066.75
60862.25
65168.75
65375.75
68452.25
70847.25
73508.25
76535.5
80175
82785.5
85498.75
86092.75
90364.75
94543.25
97177.75
99880
104487.8
107680.8
110298.8
114604.8
117189.8
119530.8
122293
128320.5
130968
133839.3
137920
141449.3
144833.5
149153.8
152867.3
158547.5
158629.3
166415.8
169908.3
172978.3
177698.5
183873.5
185321
188507.8
194664.5
199068.8
202130.5
207753.5
213079
217937
220949.3
228999.3
231152.3
234874.3
243123.3
247250.5
251649.8
257894.5
261902.8
267007.5
269581.8
275421.3
279621.5
286456.3
292953.3
293661
297005.5
304157.3
307947.3
315678.5
321558.5
326116.3
330916.8
335244.8
341939.3
344330.8
351937.8
356640.8
361791.5
365606
370397.5
374803.8
378233
387523.5
396538
401984.3
408672.3
409131
409310.5
412954.8
421867.3
420955.8
433824
430927.5
448469.8
448135.5
450590.8
458606.5
457980.5
467379.3
471548
473091.8
480494
484467.5
494703
497612.3
496980.3
501798.8
504855.8
510665.8
515520.3
520556
521006.3
522822.3
526685
530994.8
530554.8
534022
538568.8
546439.8
552017.8
552853
552255.3
552174.8
554334.8
560502.8
564810.3
569630.3
565128.8
569051.3
573593.8
578848.8
578903.5
580045
586313.5
583027.3
586466.3
593482
595926.8
591320
591962.8
596075.8
599095.5
597147.3
601322.8
607995.3
609054.8
612739.5
609376.3
607413.8
603988.3
610910.3
613260.3
613912
612997.5
616975.5
622425.3
616008.3
616513.8
617989.3
614578.3
607667.3
613725.8
624470.3
621593.3
613705.8
615834
618106
611003.3
605188.8
612655.3
617393
610265.3
600553
614192.3
619401.3
611970.8
615135.3
619640.3
613477.3
592916
600139.8
613421.3
608193.8
602831.8
610097.8
611529.5
600367.8
603395.8
612802.3
607191.3
596096.8
595205.3
596261.8
587830.5
594278.8
600800.5
599583.3
588360.8
586534.8
585707.5
587441.3
587043.8
577678.3
579441.5
574771
576007.8
575386
577235.8
579628.5
578102
571498
560976
564693.5
561880.8
554575.3
557996.3
562657.8
560303.8
549641.5
554353.3
558814
552352.8
547389.5
548682.3
547332.3
542473.3
544799.3
551876.3
548540
540974
542331
541015.8
535902.8
531570.8
538686.8
539462.3
534818.3
528728
527579.8
526734
523798
526368
528595.3
528177.8
522868.3
520902
522523.8
514977.8
511235.5
511379.8
513966.8
518086
521475.3
516555.3
515417
516143.5
517643.3
510702.3
509581.8
515147.3
518891
511238.8
505059.8
509174.3
505643.3
498881.8
507139
513488.8
511694.3
505009.3
508608.8
514085.8
508309.5
499050.3
502480.8
505269.3
498790.8
492494.3
493890.5
496927.8
495617.8
496420
507055.3
506175.5
497729.3
495764
498492.5
503162.5
493689.3
489393.8
486896.8
494794.8
500322.3
493191.8
491756.5
499186.8
496707
489310.8
487218.3
492585.3
498716.8
484653.8
480493.5
481620.3
485850.3
479085.5
474253.5
479653.3
487021.3
485166.3
485702.8
491552.3
493137.5
481143.8
481647.3
484502.8
485715.8
481633
484303.3
487106.5
484797.8
480294
479948.8
486045.5
481318.3
482616.8
486180.3
490038.8
483456.5
477791.8
484243.3
485376.3
480562
478840.8
487191.8
490379
483593.8
482598.3
494017.5
495797.3
491026.8
483986.8
489383.3
494277
493430.3
483179
488070.8
489348
488119.5
484071.5
485107.3
489532.8
488450.8
486433.5
489773.5
495965.8
494463.3
493890.5
493581.5
498247.3
494580.8
490274.3
487566.8
495533.8
502318.5
498907.5
489916.3
488883.8
496951.8
495945.8
489821.3
490650.8
497107.3
497570
491693.8
490655.3
496286.8
499842.3
492439.3
495560.8
501561.8
504374.3
494076.3
493330.8
501319.8
507812
507292.3
505634.3
510293
509971.3
504651.3
502021.5
508359
511670.5
506455.8
497888.3
503330.5
512291.3
505845.3
498759
501382.3
507707.3
510204.8
496861.3
498230.3
504059.3
506041.3
505136
499096
502375.3
504132.5
501379.3
498996
506252.8
508888.3
507847.8
503345.3
502220
500328.3
496922.5
500978.5
501475.5
500483
500301.8
502119.5
499473
497624.8
493472
500740.3
501920.5
499774.3
497656.5
501923
506663.5
502782.3
497693.3
497718
505399.8
507407
500869.3
500049.8
504784.3
509128.3
503569.5
492182.5
496516
509996.8
508351.3
500498.3
501616.8
510095.8
509408
505062.3
500016.5
507726.3
513829.3
514724.5
508176.3
507781.3
514523.8
513839.8
506009.5
498468.8
501938.8
509135.8
510206.8
506861
508909.8
516687
511275.3
510172.5
506339.8
507943.8
514962
511876.3
508627
507735.3
511942.8
512578.8
513344.5
506509.3
506924.3
513318.3
517166.8
517001.3
510329.3
509556.3
513693
518636.8
513452.3
508030.5
509155.3
515668.3
519850.5
514105.8
509743.3
509447.3
510051.3
507752.5
509803.8
512161.3
512058.5
516629
512066
507319.8
504549
512350.8
515302.8
510188.3
507718.8
512539.3
514533.3
508754
503544.8
507271.3
508652.3
511580.5
509351.8
509051.5
510310.5
513115.8
514740.8
508207.8
506088.8
504522.8
507828.3
511072.3
508917.3
501386.5
499978
501890.8
507680.8
506426.3
502579.3
499129.3
500668.8
504275.3
504764.8
501144.3
498487.3
496253.8
494651.5
493637.8
496210
496825.5
494408.8
490251.5
491297.3
494670.3
489989.8
487455.5
485082.5
485651.8
486137.3
484462.8
483588.3
483239
479842.8
480646.8
484050.8
479795.3
477393.8
477218
477698.8
476032.3
478606.5
479854.8
472062
468169.8
466785.3
469872
470423.3
469417.3
471535.3
473511
471549.3
472311
463001
460868
463460.8
464667.8
462604.8
460602.8
456695.3
453860.8
454676.3
452262.3
449330.8
448957
453219.8
450010.8
443544.8
441937.5
444505.5
446684.8
448930.3
447273
442347.3
440133.8
440924
439520.8
437582
435435.3
433203.3
430504.8
430965.8
428578
423363.5
418508.8
416729
419733
424225
424304
417727.3
415658
413577.3
415163.3
413105.8
411738.5
408520.3
411839
410066.3
406609.3
402982.5
402393.8
408294.8
408999.8
403441.5
395071
390471.8
393702.5
396961.3
396118.3
392148.3
390180.5
393164.5
394567.3
392016.5
384025.3
379927
379232.5
379022.3
379387.3
376340.8
371624.3
371203.8
374008.8
368732.5
368277
367401.5
366753.8
364876.8
363913.8
363229
359531.3
360185.3
358026.3
359366.8
357133.3
352232.8
351358.5
350314.5
348909.8
350873
347837
344110
339172.8
338423.8
338631.8
336322.5
334581.3
336626.3
333558
332312.8
329551
323746.8
326735
327390
326453.3
324646.8
319913
315891.3
319315
325268
324680
314668.3
312269.8
310812.3
316161.5
320187.3
320366.3
308984
302695
305147.8
311993.8
315827.8
309488
299529.3
295526
299290.8
301072.3
300577.3
291505.3
284435.8
288103.3
293592
294934.8
291383
283795
284776.5
289914.5
288735
284254.3
279012.3
276061.5
276012.3
281250.8
278854.8
272349.8
268374
267797.8
276569.3
280272.8
273448.3
265893.8
260604.8
266940.3
276588.8
277546.5
266251
255239.3
250817.3
259125.3
268989.5
266140.8
255774.3
243359.8
247697.5
255731
261055
258155.8
246139.3
236375
240040.3
246217.8
246893.5
241717
232110.5
228749.8
232336.5
236724.3
236324.5
231939.3
226018.3
221818.8
222646.3
224285.5
227279.5
224475.3
220449.3
218791.5
215877.5
219558.8
226536.5
222212.5
214919.8
207367
209987
216174
221576.3
219640.8
210968.5
204504.8
204391
210261.3
216999.3
212976.8
203462.3
197833.8
198219.3
205381.3
210143.5
204770.5
194545.5
191520
194045.8
197164.5
199086
193032.3
185146.3
181916.8
184934.3
186590.5
188844.8
185097.8
182814
180135
178796
179994.3
177907.8
178208.3
175383.8
174258.3
170554.8
171109.8
170326.3
171487.5
170260
166260.8
164412.8
164257.8
166730
167530.5
164535.3
158737.5
157005.8
154423
159616.3
160159.3
155343
151789.8
148381.5
147075.5
150005.3
151676.5
148068.3
144330.8
141928
144143.8
146560.3
146858.3
144276.5
138357.5
135816.3
139709.8
141159.3
142088.8
136116
132182.3
130366.3
132614.5
135827
135841.3
129462
123156.5
125350.8
128142.5
131044.3
129760
125457.5
119901
118195
120401.3
121119.8
121152.5
117684.3
116300.8
113216.8
114011
111394.5
111954.3
112156
108331.8
108513.3
107724
107319.8
104932.3
106804.8
105555.3
105183.3
105224.5
100923
97553.25
98033.75
100858.3
103917
103390
97700.5
96065.75
94075.75
93188.75
94808.75
96491.25
92253
90584.75
88317.5
88183.75
85525.25
86306.75
84348.75
81866.75
82868.75
85539.5
88359.75
85217.25
79309.25
76389.5
76021
79312.5
82141.5
79877
74902
71413.25
71390.5
69824
71805.5
72289.75
68160.75
64203.75
62088
66545.25
65318.25
65807
62035.75
59798
57133.75
59089.75
59306.75
61108.75
58752.25
55512
51813
52636
54352.5
54800.5
54289.75
53436.25
50055.75
47565.25
48404.5
48005.5
48234
45807.25
44533.75
43378.75
44565.5
41537.75
42851.75
40997
40653.75
38610.75
35711.75
35941.75
35003.25
36141.75
36619.75
36308.75
34918.25
33226.75
30086
29646.25
30783.75
32083.75
31095.25
29119.75
28523.75
26346.75
26177.75
25505.5
27512.25
25129.5
26084.75
21520.75
20927.75
25007.25
23988
21407.75
19959.75
19706.75
19089
18903.75
19611.25
19283.75
18113.25
15797
15415.75
13805
12833.75
12711.5
12568.75
14243.25
14172.75
13107.75
11822
11941.25
10709
11177.5
10437.75
10034
9658.5
9450
7446.5
