149147.5
149363.3
66081.25
58343.25
59035.5
60742.25
63583.75
64381.25
64846.5
65922.25
67103.25
66727.5
65218.25
65514.75
66540.5
71810.75
73995.25
77408
83242
89620.75
96560
102056.3
111912.3
120817.3
126427.5
129547.8
135671.5
138611.3
137896.8
136772.8
138051.5
137809.3
133858.3
135761.3
139989.8
145698.8
152730.3
161796.8
174379.8
186976.3
201747.3
217260.3
228855.5
242967
255573.5
256382.8
255548.8
257916.8
263047.3
254733.8
246488
248715.8
252384.8
253098.8
253120.8
266177.8
293270.8
311265
324432.5
353260
394211.3
412096
416577.3
432813.5
454269.8
449891.3
433675.5
425189.3
427263.8
413144.3
390034.3
389518.5
403309.5
407613
420795.8
456464.5
492284.8
531998.5
573797.5
611491
643005
675529.3
696907.3
697156.3
688978.3
683423.3
665654.5
631497.8
609182.5
590818.8
583071.5
570413.8
581965.3
618533.5
664400.3
698981.3
758237
835837.5
893921.3
924843.3
993026.5
1038891
1032976
999696.8
987840.8
959787.3
890302.8
821749.8
787896.8
774483.5
761162
752149.5
787971.8
880889
973955.5
1022954
1116460
1259760
1343043
1351791
1369239
1413375
1381524
1310616
1191576
1157234
1087404
994658.8
944602.5
934456.5
953851.3
1001812
1087608
1198778
1318896
1491447
1616688
1664132
1717979
1812904
1815858
1695524
1611072
1564874
1429126
1253537
1152651
1119843
1097606
1089777
1131920
1249358
1449161
1616115
1701715
1849055
2060855
2146558
2089974
2057389
2076543
1989218
1778845
1595164
1487301
1380758
1228959
1131962
1173250
1273275
1365772
1505883
1723244
1940940
2091787
2239239
2373479
2415475
2400120
2365816
2257230
2049600
1840418
1660936
1464048
1297962
1216260
1215045
1258608
1371450
1561421
1776494
2003299
2240694
2447550
2566053
2626234
2665966
2649198
2506911
2264049
2032087
1834049
1588445
1345017
1217284
1206785
1264091
1383875
1549268
1744929
2009492
2340872
2576921
2668322
2777200
2925838
2889190
2640504
2428380
2260238
2010439
1694705
1447721
1289794
1219483
1247827
1330509
1460667
1715529
2014059
2256468
2516669
2828528
2973862
2970866
2951439
2951248
2748326
2353192
2049993
1862350
1629170
1350660
1196346
1143077
1230495
1461920
1705058
1896436
2179466
2564501
2845518
2952821
3052102
3156210
3115828
2918189
2621111
2252624
1927988
1724310
1503851
1232168
1125667
1235099
1367403
1487654
1798122
2174736
2458712
2722522
3031366
3204820
3163731
3152366
3210840
2998006
2482692
2132902
1993500
1701856
1328879
1185914
1242139
1304335
1442189
1712332
2007047
2361390
2767726
3110775
3227331
3311547
3471968
3462278
3138875
2783682
2545847
2274213
1869722
1546973
1369217
1272354
1292758
1428678
1599661
1830453
2251899
2741594
3072859
3248208
3442534
3602320
3643419
3518780
3274237
2920508
2524349
2182015
1829345
1478046
1306569
1369207
1442802
1497552
1805041
2319411
2662507
2867883
3271342
3747949
3902593
3699082
3611622
3626076
3328046
2746750
2342554
2129469
1801733
1419078
1315847
1416896
1467034
1616404
2039595
2498935
2794316
3112961
3549743
3894315
3954838
3901306
3879541
3729034
3308282
2833105
2466816
2106059
1677265
1388856
1338187
1356456
1461122
1772133
2246964
2639995
2898342
3292426
3825542
4199553
4191451
3985443
3908491
3828181
3443678
2813199
2335903
2032064
1706680
1373716
1301447
1480565
1632279
1755926
2152918
2811706
3314763
3500307
3653746
4042543
4367317
4258290
3783391
3517182
3403539
2976012
2254448
1757900
1603652
1455086
1286169
1389339
1737563
1999826
2199582
2693583
3412263
3903718
3955339
3995113
4304326
4532762
4171652
3454051
3052204
2937316
2570276
1902694
1448013
1329643
1313375
1330738
1606491
2089135
2470432
2697484
3082775
3697683
4171997
4244879
4062814
4054859
4145417
3873129
3209526
2594175
2222021
1916952
1540584
1297295
1266685
1337235
1478128
1869041
2479052
2990664
3238917
3468176
3918008
4419163
4561259
4145256
3702059
3603822
3515200
2972769
2155057
1637776
1499388
1370621
1168078
1192141
1543887
1948468
2198294
2533069
3110958
3703644
4035519
4073249
4119078
4238528
4187180
3752270
3136363
2723720
2380201
1912075
1424414
1178965
1172688
1239116
1387090
1731429
2188482
2583953
2943277
3415108
3939265
4303008
4326600
4145030
4047525
3940563
3522692
2862599
2279009
1949286
1667655
1318095
1116121
1176548
1371884
1547406
1854196
2435475
3109551
3548823
3709395
3892945
4227877
4516272
4402714
3884867
3366337
3056929
2724384
2173981
1607725
1280764
1187283
1139855
1189684
1504695
2023026
2461343
2719515
3070931
3678865
4300668
4548641
4285311
3966677
3946882
3986404
3574273
2757167
2029459
1699712
1548731
1324595
1115721
1152306
1408421
1713455
2047560
2533629
3146868
3629708
3830887
3895572
4019529
4199112
4174145
3745131
3130588
2656404
2320097
1923675
1484346
1147347
1026045
1073818
1215627
1446845
1797293
2287847
2778617
3208156
3520135
3684026
3844264
3949874
3959586
3732674
3247117
2736972
2336273
2001210
1607162
1213832
966794.5
921191.8
1036869
1220359
1500800
1879823
2319583
2763067
3140607
3442419
3628038
3707830
3674991
3574792
3371735
2978379
2436038
1934726
1592049
1354756
1091603
883537.3
876135.3
1085171
1318829
1516655
1805797
2333452
2926285
3229276
3182945
3145243
3359819
3667813
3615792
2979346
2262891
1880289
1816960
1639535
1217045
867957.5
815309.5
965524.8
1084390
1171745
1418623
1899074
2440124
2780965
2882318
2962519
3108323
3265085
3284110
3026110
2602492
2187325
1844729
1574985
1308157
1023112
828515.3
781226
855305.3
961135.3
1089502
1357551
1787492
2291087
2613470
2645713
2623999
2765258
3043431
3155996
2858650
2317635
1891776
1677951
1507469
1221502
917652.3
751464.5
744928.5
804879.3
869920.5
1039953
1371435
1752017
2030742
2196279
2369829
2617868
2845452
2860633
2648773
2379377
2186674
2004670
1707197
1332098
1024869
849335.3
767641.3
710266.3
704942.8
804097.3
1035293
1335251
1617903
1835458
2036865
2238985
2438510
2606361
2674156
2550128
2281259
1950125
1672282
1510706
1342861
1084011
802126.8
639943
652974
735337.3
782082.8
843513
1047503
1434583
1818480
2009720
2022080
2079658
2264792
2487674
2512167
2264350
1895492
1621215
1457544
1296362
1045536
785964
629397.3
606354
647246.8
709480.3
824177.3
1037397
1310216
1563307
1759672
1918571
2075431
2190175
2231617
2143459
1998051
1828874
1641324
1417986
1162324
937654.8
758662.8
632205.8
563494
560537.8
635949.3
763888.8
896532.3
1041774
1242117
1512632
1792649
1956399
1961763
1908387
1897777
1919413
1865018
1665581
1369138
1085880
915525.5
806463
682315
549943.8
471287.3
512455
647972.3
782669.8
898537.5
1028069
1225523
1481582
1721265
1848460
1836161
1766087
1678770
1581275
1499754
1370018
1182612
953707.3
733577.3
573887.5
494813.5
488022.8
496428.5
490676.5
539551.8
704787
982535
1243858
1333036
1313013
1312433
1451149
1690463
1835325
1717827
1390125
1067402
918021.8
913171.3
890821.3
731363.5
509410.5
365429.5
377636
475837.8
537980.5
542758
583828.3
756822.3
1031577
1282114
1384683
1352189
1317502
1347110
1402027
1394024
1278126
1086592
892684.3
749439.8
638834.3
529934.8
425769.8
359774.3
345703.5
382080
437104.8
509036.8
607413.8
740786
898666.5
1059891
1168334
1225626
1227327
1197296
1146431
1090683
1014302
917121.5
787295.5
641237.3
500584.5
392732.3
332826.8
305672
301223.8
312208.3
348206.3
431780.5
556761.5
687024.3
786593.8
853255.3
904164.8
976732
1049910
1079510
1047011
959783
838417.3
725890
638664.5
559462.8
476098.5
374756.3
292552
249217.5
250325
278607
318893.3
365783.8
426268.5
513716.3
624192.8
733444.8
805163
840150.5
842138.3
825680
808527.8
788241.3
756512
691847.8
584264.3
457140.8
352599.3
287015.3
252308.5
230395
206557.3
195137.8
216526.3
279561
366618
445180.5
506853.8
551987.8
602508.8
662200.8
702439.3
709625
679396.8
627625.5
576083.8
527729.3
475198.8
399936.8
310822.8
245660.8
205967.5
184511.8
171849.3
157373.3
163021.5
203113
266856.5
331565.5
374045
391442
416513.3
473610.5
542016
588265.5
578277.8
514648.8
430247.8
379104
360237.3
344730.3
307139
241487.8
173086
131865.8
121921.8
126422.8
133936.8
137768.3
155472
201277
266360
325672.5
352776.5
357977.8
366168.3
376591.8
404565.3
426348.5
413573.5
367630
309035.3
255401.8
214738.8
183557.5
151017.8
120439.8
99545
87301.75
84306.75
91403.75
105913.8
130203.3
160377.8
193223.8
219092.8
240550.3
254566.8
276178
300966.3
311623.8
301499.8
269571.3
230943.8
197027.8
171526.8
154221.8
133081.5
107004.3
78441.5
60832.75
52936.75
57103.75
69275.25
78728
90903.75
111351.8
141086.8
166649
187407.8
189543.3
185407.8
188997.3
196677
204387.8
198493
173721.8
136947.5
105388.8
85643.25
74624.75
68323.75
56566
41929.25
32129
33549.5
43281.75
57634
63922.5
69902
76466.5
