166759.5
167927.3
70365.25
56439.25
49515.5
46938.25
46447.75
48673.25
55326.5
62590.25
70911.25
76723.5
81402.25
83602.75
84152.5
78950.75
78279.25
74076
77530
80576.75
88468
100628.3
110008.3
124625.3
129283.5
130023.8
132339.5
129567.3
125044.8
121064.8
117107.5
124005.3
132906.3
150041.3
169501.8
184730.8
200330.3
207968.8
208651.8
199352.3
186991.3
179180.3
176019.5
180611
193217.5
213542.8
236508.8
271244.8
293511.3
301381.8
309796
301075.8
280468.8
273566.8
255024.8
255229.8
268042.8
286989
337284.5
364684
401827.3
438752
430857.3
432337.5
409525.8
374207.3
364179.5
341413.3
353007.8
380300.3
416214.3
482338.5
539921.5
573261
599771.8
593552.5
576060.8
537234.5
488593.5
455839
446417
464185.3
516979.3
586724.3
658514.3
739115.3
789890.5
800477.8
793870.5
734094.8
668275.5
607541.8
565781.3
566649.5
598712.3
676133.3
782037
878677.5
975317.3
1002907
1039199
1011283
899696.3
819768.8
727468.8
663239.3
689906.8
738449.8
854060.8
979639.5
1108642
1279558
1301576
1275017
1244800
1079122
961284.3
883720.3
784695
810102.5
876102.8
1024483
1224920
1392012
1492884
1607054
1561976
1439719
1289703
1103913
969559.3
880432
898159.8
1027418
1189900
1430519
1689992
1815024
1842215
1863360
1701618
1477992
1316428
1095062
980258.3
980313
1097911
1374979
1577414
1823293
2108196
2101874
2085573
2017859
1685531
1418751
1196439
1028434
1079902
1157273
1394911
1763594
2007801
2279652
2436921
2343230
2193335
1926882
1570234
1320875
1108732
1048923
1209640
1453040
1778103
2149275
2431551
2572555
2572908
2457208
2159650
1743056
1423918
1203976
1086580
1146118
1399520
1804333
2203468
2520038
2772365
2830358
2672079
2374926
1980118
1574545
1261066
1071366
1096486
1332143
1671905
2119195
2566137
2823665
2924861
2918984
2660965
2229419
1817035
1395520
1126129
1063680
1162772
1547333
2000018
2379264
2842538
3121478
3067476
2961500
2618190
2014723
1583321
1250657
1032278
1086203
1323035
1757005
2271771
2735121
3118855
3240360
3130233
2918968
2401710
1829894
1433475
1122456
1018066
1147960
1452137
2051798
2600210
2910512
3276466
3383609
3055479
2785676
2379550
1713652
1275066
1046537
974838
1243029
1663610
2167082
2755020
3191889
3399847
3401212
3141788
2740094
2225943
1605828
1139947
1021375
1094655
1263458
1752426
2440820
2909960
3227558
3533070
3527072
3127079
2679222
2153644
1566198
1126568
912913.8
1095764
1470996
1802499
2456358
3176603
3444907
3577525
3687732
3308431
2722198
2194146
1575199
1155303
1005327
1046748
1491638
2027891
2524262
3190827
3668893
3743734
3808449
3603561
2823162
2156698
1670010
1176973
1002213
1120447
1450682
2082303
2695572
3197394
3674196
3980903
3944800
3645517
3049504
2329189
1750759
1269569
979197.8
1071425
1533427
2142046
2663752
3224949
3900207
4251871
4046459
3761146
3420937
2616917
1745102
1297786
1144212
1152250
1311610
1812766
2634029
3301133
3688170
4121391
4430928
4071230
3379508
2864503
2236183
1529584
1100909
1056931
1365327
1810934
2330030
3041781
3749978
4149374
4307277
4294656
3872019
3085273
2368464
1796099
1288864
1035102
1104781
1522968
2167327
2775058
3349546
3993094
4497053
4478955
4014479
3610515
3076101
2149434
1376155
1143523
1178596
1376336
1780696
2336747
3107057
3874715
4285866
4329666
4427250
4211547
3290867
2417098
1944335
1468953
1077658
1047343
1384226
2095491
2835592
3264044
3747580
4419192
4684270
4160257
3734115
3417367
2559126
1621242
1197039
1106043
1290478
1662447
2064933
2806354
3733558
4230676
4245163
4446408
4607600
3936872
2869450
2226749
1703303
1203895
1003726
1092411
1585051
2420928
3042584
3425019
4015651
4567553
4549043
4029970
3678343
3160097
2222361
1490214
1138567
1018693
1238176
1658156
2178371
2949821
3766739
4190376
4307589
4510620
4456744
3650657
2731804
2191080
1652651
1141675
968907.5
1069303
1544170
2418020
3123185
3439305
3905916
4499616
4584097
3893178
3347469
3001399
2330696
1518090
1007013
859954
1104208
1607919
2080713
2641098
3439800
4122920
4407246
4330171
4159812
3695389
2941663
2210766
1585469
1140320
964464
986774.3
1257809
1964762
2771497
3328361
3775916
4311021
4646204
4383720
3772798
3221665
2511135
1688188
1136623
903845
961109.8
1328743
1791715
2256141
2971068
3818524
4309158
4286556
4234755
4237195
3697335
2662671
1916593
1477073
1092404
924106.3
1065519
1405693
2070181
2928112
3534389
3845877
4243388
4615911
4431395
3682020
3086919
2599938
1859679
1175371
872763.3
863324.5
1243796
1911601
2437003
2851885
3569414
4341024
4676689
4380803
4047699
3779356
3085259
2154739
1465105
1052346
880536.8
1041819
1341652
1694441
2368608
3228916
3820415
4042656
4190413
4331440
4082277
3314827
2551296
1974296
1425693
979766.5
808902
885546.8
1236913
1869690
2570323
3163301
3610377
4018107
4289917
4240124
3790503
3075698
2431496
1820726
1277326
905233.5
764300.8
841063.5
1191493
1822710
2463486
2943616
3354887
3781476
4071369
3945459
3519040
2988903
2395743
1773939
1238511
886775.3
723009.8
788046
1106019
1646040
2292643
2864139
3253806
3536942
3822109
3876604
3435427
2793725
2285095
1849151
1298361
843591
642929
697440
1065125
1648004
2077197
2338423
2836219
3573565
3933760
3480098
2957851
2871321
2731356
1962739
1131841
744197.5
652041.5
724192.8
1002994
1357861
1658051
2087570
2755236
3330269
3469702
3298099
3129267
2956637
2532030
1854674
1269216
900696.8
688049
627745
762661
1038820
1391623
1853178
2442289
2945579
3098222
3031167
3018904
3023651
2650122
1899345
1306907
1015006
815750.8
664135.8
660005.5
787771
1026884
1510875
2147689
2567630
2699796
2824445
3038297
3018279
2541633
1995285
1624191
1269829
862162.3
582639.3
512476.8
613432.3
900039.8
1306969
1682969
2021901
2435622
2845286
2953365
2725826
2449537
2254487
1947169
1427598
943418.8
648921.3
531684.8
549850.5
704458.5
984845.8
1322865
1661121
2036290
2445473
2756980
2758140
2503075
2198121
1980254
1723002
1272889
811739
540326.8
456683
513030
744857.3
1080535
1347597
1544447
1933907
2436804
2676120
2488560
2242450
2149600
2025478
1608243
1081966
717392
544979
494595.8
559513.8
715191.8
907344
1171561
1584058
2014319
2266000
2335001
2354489
2335520
2166875
1805368
1398303
1051555
767411
557524.5
447470.5
460095
587466.3
832124.3
1149522
1464108
1766847
2029107
2193010
2224258
2146570
2001117
1752065
1369676
979893.8
697572.8
540164.3
465560.8
472230.5
563275
717435.3
959105.3
1315845
1703178
1943089
1985082
1970764
2011278
1956479
1662399
1265372
931103.3
717611
571336.3
452325.8
411589.5
456393
585778.5
824225.8
1176721
1511928
1708593
1795599
1826330
1834031
1806774
1653714
1361112
1015111
731673.3
544851.5
438645.5
395202.8
435024.5
528756.5
638083.8
786659
1093919
1517082
1757152
1700477
1541865
1540637
1646195
1541633
1136631
722296.8
510958.3
443449.8
408611.3
415297.3
473847.5
520834.5
578677.5
794612
1207926
1559953
1592814
1420160
1370386
1458549
1450142
1202851
852864.8
602073.8
465558
376247
320644
330410.3
391155.8
492844.3
677087.8
920150.3
1134455
1252582
1316058
1375768
1405480
1318657
1124505
901581.8
721270
571654.5
431571.3
316769.5
262677.8
279611
351920.3
467655.3
624679
806289.8
988997.5
1120020
1177213
1173173
1141480
1085859
973976
808163.8
613040.3
441502.3
324680.5
256405.5
236252.3
269657.8
335843.3
424356.8
545476
708618.3
884350.3
1007979
1053555
1042145
1011014
961392.5
866482.8
716478.5
542308.3
392512
291105.5
227477
212919
233213.3
284863.8
361532.5
469924.3
608008.8
745344.8
850859
897746.5
894498.3
853288
801387.8
738261.3
637512
492879.8
345788.3
238656.8
178383.3
162779.3
184716.5
242295
319845.3
393153.8
466902.3
567541
678874
764100.5
786741.8
749527.8
677716.8
614600.8
528699.3
418789
308116.8
220645.5
164343.8
137885.3
144378.8
180024.8
224666.8
289928.8
381135.5
486295.8
575973.3
598149.3
586661.5
583913
589108.5
558617.5
464009
341462
245153.3
194198.5
156932
132257.5
128457.8
141464.8
154643.8
189656
267417.3
379002.3
464695
481391.8
458686
456973.8
486537.8
477710.8
408112.8
302940.3
223064
179857
144028
112900.5
93356.5
94749.75
109128.3
133831.8
186081.3
263556.5
335509.5
369534
370915.3
370593.8
378958.8
371577.5
331897.8
267999.8
212357
167269.8
125242.8
89975.75
66881.75
57375.25
69461.75
95167.75
128176.8
163438.3
198398.8
231910
273358.3
306863.8
315303.8
290991.3
255219.8
222731.8
196754.8
167549.8
126417.5
86060.25
55593.5
42268.75
36276.75
47107.75
73559.25
98720
119939.8
143719.8
173454.8
209965
230723.8
221911.3
201115.8
185665.3
176685
160595.8
124713
80901.75
49363.5
34464.75
28047.25
28928.75
37383.75
54662
70965.25
78301
90193.5
118013.8
151406
171974.5
165578
139774.5
