7.411041
-5.375381
2.575684
18.6087
25.01279
21.01818
23.14217
14.10983
20.99541
34.4195
27.51898
33.69898
34.71255
30.46641
41.10788
39.77949
36.43002
40.31619
40.92798
34.31807
39.2066
39.36109
42.40285
39.64077
39.83269
45.22223
35.14584
44.24932
38.33113
41.86666
42.15083
47.25566
37.97168
34.71868
42.6062
40.55476
40.63223
32.83576
43.68158
38.50038
42.01465
36.30939
42.14263
40.08042
39.18581
35.8734
38.31194
41.23998
40.22645
29.31849
36.36272
33.62701
43.92846
36.55587
38.16745
36.65708
25.66634
41.76963
39.70191
39.45791
35.9283
30.24145
39.94555
36.56473
42.86845
34.18874
30.47215
34.26351
22.2325
42.58633
34.32386
34.74182
30.88284
25.21749
38.90187
39.63345
35.99787
37.79251
33.41946
40.39784
33.63689
36.15658
36.19756
17.54574
29.61451
38.62875
37.57678
37.70102
31.79664
32.34511
29.48725
36.88015
38.23349
36.76064
32.06137
26.27523
32.64397
38.98131
33.25175
37.1558
28.8139
34.21524
32.90343
39.36963
38.38718
34.82166
21.86411
24.67746
38.36166
33.60192
33.9236
34.25728
29.87828
34.66769
25.83745
36.92921
22.08159
20.20002
29.34825
31.82242
31.21304
37.48146
30.40099
33.35426
18.5769
33.03029
34.64941
33.32085
33.96533
24.31996
29.01826
34.73697
32.19491
34.45027
31.22905
30.2068
33.31498
30.07212
34.9378
31.33189
21.85777
31.15781
30.4376
32.90786
33.24312
24.81147
26.29159
31.02254
37.99024
23.36144
29.15639
32.58626
30.02045
27.95184
21.51184
31.51296
24.21762
31.57573
21.22758
26.96399
34.88517
24.41335
30.6357
15.56907
31.4624
30.65297
32.71784
32.54775
20.93264
28.93091
29.16564
32.92325
32.1401
29.63141
21.86448
27.3417
31.37801
31.88437
25.1837
31.85791
31.35759
26.92564
34.19101
28.30775
25.38622
33.3477
26.22597
30.2045
23.50984
29.97405
30.93679
19.93907
31.11301
30.03323
28.43894
27.0836
19.99463
23.99496
18.88778
32.57198
31.92172
26.18816
33.15622
20.90747
34.96901
30.64497
5.818184
30.81683
24.60671
28.78752
27.15754
31.57502
26.19233
16.58632
22.75416
30.26019
31.28152
25.52069
24.42034
32.02065
29.18456
29.41249
33.91855
27.20079
31.59225
16.01209
27.56373
25.5751
27.53051
24.78284
28.14503
29.43852
27.58171
31.17629
31.81897
26.69653
29.47956
32.28732
22.30334
33.22375
19.63221
32.86665
24.79817
26.88269
22.89384
33.12202
25.46408
30.58383
30.26691
16.38671
23.71426
27.66468
26.26268
25.41222
34.41031
24.72046
29.8815
25.43724
29.88266
25.88261
34.05244
24.20051
31.23674
29.70746
24.38547
28.6424
13.64915
22.65891
34.03101
30.45201
33.48147
16.7339
29.19847
31.64531
26.01771
27.85307
31.71516
33.61788
18.8511
24.22789
23.80313
30.4178
30.34971
25.16292
24.39906
14.11234
20.445
30.04054
32.39606
32.45284
29.83787
20.8314
29.78967
28.50681
29.96973
31.07859
24.85463
26.30127
34.45877
34.27068
33.90165
32.48816
35.21623
27.21741
25.36356
23.99481
28.7855
35.81455
20.3966
38.49237
31.72854
33.64117
29.9942
30.62796
29.93836
33.2988
36.07132
20.27195
19.28171
33.77676
19.23744
0.6389694
33.52889
22.73642
30.32582
36.61492
24.13085
33.78268
28.54518
34.18912
23.70349
24.16085
32.35978
16.90455
31.40571
20.00196
29.00249
10.65791
32.24123
28.88366
27.65349
25.03876
26.95897
32.62944
30.65027
34.55411
19.36463
27.1933
27.96448
26.43145
31.88506
27.026
33.60527
30.87567
31.13729
30.32775
19.70477
30.4026
25.36926
29.16844
27.14363
24.21871
32.2249
23.13057
31.24752
32.06903
35.51222
27.17687
25.72634
35.83059
22.52437
35.68511
35.22346
22.99187
33.40808
31.67558
28.7986
22.18556
26.84121
32.75981
26.49446
29.09466
35.40718
31.17529
25.59482
33.28488
30.57335
27.85904
12.55441
28.93383
30.3047
25.39603
17.48952
23.27854
25.64836
21.63247
31.85138
34.58957
10.08482
27.89087
18.21161
28.39541
28.93914
28.13404
28.70228
27.83084
29.57938
21.97453
28.23537
30.26954
17.4571
26.52067
19.05583
31.45975
3.366383
22.49173
32.62898
31.14249
34.04494
20.51832
28.2594
23.8561
20.28175
30.86871
23.0129
21.39483
31.00276
2.493629
28.9716
20.57436
27.02622
24.07885
26.46025
31.6576
29.50743
28.26191
25.579
29.78711
29.57219
31.00546
25.95322
30.00325
22.83155
15.78779
24.35944
28.19307
25.29532
30.96558
26.47151
25.83
28.07959
30.68719
35.01223
28.65136
28.12281
28.96663
28.42565
30.65756
33.87643
22.11735
18.27979
16.17891
30.88711
17.62579
26.8749
21.84506
23.39753
24.52977
31.16375
34.05416
21.56276
24.55916
24.40522
20.14132
16.41153
29.43102
27.92145
28.99354
25.56604
25.90897
35.5896
20.66258
33.17229
27.04588
25.37125
24.39426
25.1312
30.39518
19.7994
26.74156
23.41999
24.14659
24.60833
12.57829
24.66259
34.40895
28.77735
32.89718
20.6957
22.09322
21.39678
24.52235
25.13662
33.36913
25.90574
29.34546
25.49321
24.3842
28.26574
26.68456
35.89848
20.73823
