166059.3
165807
132502.3
122399.8
124936.8
122343.8
132836.8
152643.3
149273.8
138035.8
140681.8
150301.8
150203.8
163310.8
206263.8
227192.8
195174.3
171858.8
206338.3
246955.5
220597.5
199423.5
253992.3
309985.5
269987.3
223164
283904
375881
340977.8
255106
292081.3
396989.8
383527
292106
334458.5
481557.3
491473.3
342907
319350.3
471355.8
551385
427436.3
384790.3
535979.3
628544.3
479931.8
381937.3
512366.3
677933.5
592414.8
437685.8
531271.3
754373.8
747010.3
537535.3
516837.5
717645.3
760928.3
555573
497335.3
733415.5
929809.3
760089.3
557339.3
697839.3
934218.5
842416.8
606779.5
663298.3
965113.8
976274.5
685828.8
604455.3
884346.3
1046069
843261.3
683469.3
848885
1052434
942168.8
758507.5
871941
1177099
1179597
952575.5
921227
1167688
1285863
1186442
1150443
1296006
1363772
1219171
1096289
1183115
1286189
1280317
1314574
1459298
1509188
1406082
1436692
1652091
1698370
1411917
1308068
1596516
1826087
1573746
1349382
1723074
2299518
2196913
1548202
1489833
2056776
2348773
1809965
1495296
2043331
2676297
2379114
1704178
1954627
2744654
2925508
2126920
1870464
2477770
2974536
2481729
1966117
2501270
3348760
3380870
2540520
2380646
2958432
3270181
2727354
2265634
2655589
3237123
3175105
2692955
2820085
3347494
3518393
3039767
2628735
2723666
2857290
2673438
2400610
2432822
2671590
2792035
2689222
2530806
2437248
2462156
2491397
2390078
2076500
1837707
1951532
2252430
2324392
2071619
1942103
2224535
2571194
2383949
1834858
1711046
2059791
2297857
1973833
1638595
1887477
2423378
2540949
2058011
1807048
2163007
2550836
2302561
1761546
1737984
2250737
2583480
2303984
1971940
2200211
2747567
2851194
2410236
2070062
2252785
2535537
2406002
2082142
2105006
2441581
2580835
2403042
2231680
2338993
2426876
2339519
2221021
2197108
2185326
2031045
1916903
1998566
2151474
2063875
1860924
1980109
2352721
2497486
2107499
1803893
1969597
2319112
2259457
1820396
1712135
2136886
2565479
2337981
1888533
1987069
2467552
2653093
2142825
1682366
1815080
2232917
2281498
1794908
1580779
1891554
2303197
2190845
1718589
1624857
1960350
2244140
2012114
1594569
1632396
2010013
2216880
1966837
1656174
1777783
2137188
2243747
1959613
1716301
1922985
2218619
2127373
1804130
1627031
1797782
1954494
1842703
1608272
1609803
1895716
2027840
1865840
1657407
1708280
1911002
1849374
1558554
1341124
1424961
1636601
1611638
1411365
1321129
1510018
1668777
1510284
1266718
1316110
1636811
1771849
1536223
1285437
1325691
1509708
1462505
1196159
1032125
1174047
1388224
1372817
1236821
1266757
1504526
1623668
1514594
1426248
1561301
1750238
1663308
1444457
1459058
1713935
1801097
1563756
1333767
1463004
1836133
1951504
1670915
1438653
1599338
1934258
1903754
1532505
1332896
1527483
1842251
1811675
1503839
1370450
1595346
1903042
1875066
1636133
1600725
1915375
2262477
2224236
1911904
1723558
1888768
2118936
2096481
1861801
1687553
1825404
2082168
2163828
2033389
1923538
2172716
2460794
2492586
2293760
2051303
2051583
2130132
2053531
1882313
1725978
1711334
1765555
1704354
1627964
1596355
1644823
1716198
1684312
1654189
1706120
1786596
1800605
1697444
1634230
1709673
1779758
1718148
1604137
1595762
1691527
1788373
1779190
1740477
1789034
1888503
1921763
1871265
1813322
1910393
2091907
2186971
2103400
1955714
1922091
2031369
2132408
2069026
1890556
1830966
1959015
2160710
2252918
2120560
1906133
1824181
1913604
2108997
2143485
2042360
1972757
2033565
2249358
2405721
2351845
2189811
2042675
2155735
2406118
2528067
2490413
2336306
2288392
2511685
2690159
2625975
2422371
2259518
2408274
2744799
2944594
2907013
2629695
2471631
2663501
2923395
2997716
2785424
2530078
2684729
3062102
3357268
3378683
3083163
2867777
3030946
3360663
3563239
3467168
3229906
3251678
3497716
3762405
3760307
3386575
3091124
3168838
3454036
3711741
3632485
3298580
3186024
3386914
3691967
3783785
3502560
3171376
3183245
3486094
3838035
3929957
3663480
3451540
3534658
3745992
3844136
3643937
3349936
3308324
3539348
3769652
3670469
3271026
3044136
3196948
3496811
3589587
3230347
2752018
2707843
3084649
3470913
3440562
2989433
2724411
2975262
3426612
3586133
3178910
2713707
2760246
3242771
3753332
3781687
3277462
2954685
3110933
3540153
3826890
3557788
3010163
2885897
3240355
3694392
3759905
3203031
2669569
2637583
2998106
3322744
3176940
2649725
2345446
2438530
2708925
2794069
2504898
2132681
2037587
2155734
2296242
2285606
2066003
1928169
1972918
2039589
2055099
1949906
1750661
1689583
1783458
1805901
1722064
1595431
1516300
1595804
1762473
1825543
1771894
1651691
1548401
1614743
1773458
1829852
1778751
1699708
1669159
1777467
1914665
1953100
1880360
1793268
1779296
1864885
1950968
1940527
1842817
1766177
1831095
1939805
1946689
1848380
1742198
1705180
1771968
1870470
1868270
1815017
1770405
1732803
1786917
1854515
1844668
1800352
1777279
1852078
1980321
1989220
1858141
1752127
1766448
1875801
1976110
1949448
1780675
1631441
1648906
1810538
1974310
1944283
1744600
1571856
1576158
1760102
1951940
1947085
1768921
1547779
1447163
1554418
1760436
1833469
1725409
1554816
1448199
1456611
1543282
1618822
1614170
1542306
1434857
1360778
1365349
1398862
1456313
1495672
1456860
1373795
1285057
1236337
1256405
1313801
1320845
1226710
1095513
1032667
1091227
1217330
1289569
1218684
1042797
905889.3
897973.5
991286.3
1090238
1102377
981680.5
826187
772062.5
823527.8
924005
986979.8
962523.8
890367
822341
798030.3
792250.8
790915
784954
785094.3
814505
833937.3
829786
797137.8
747252.3
748681.3
823412
943256.3
1006161
957697.8
840002.5
756395.5
773082
884292.8
1028144
1044671
929557
808131.8
801536
885198.3
984154.3
1023609
962257.8
873527.8
836558.3
901340.8
966320
969643.5
876504.5
780155
742630
773918.3
844915.3
848229.3
777219
705782.8
681035.3
680239.8
701884.3
727086.8
677334.8
598820.3
580070.3
612137.8
627507
628380
592324
550577.3
537281.3
569320.8
593648.8
591428.5
562559.3
509418.5
491245.3
516914.3
563168.5
587306.8
590402.3
558619.8
521739.8
516500
557306
610681.8
655674.3
653261.5
610823.3
567576.8
566932.8
594367.3
643768.5
679926.5
647083.5
588122.8
560908.3
603876.5
677741.3
748369.3
755597.8
685521
599757.3
564225.8
608389
676427
735049.8
708255.3
635868.8
586304.8
592304.3
636750.8
675327.3
696868.8
673873.8
608972
578619.3
573275.3
579629
581659.8
564110
558444.8
568895.8
583954.5
618053.8
634104.3
614585
573287.3
543657.8
553722.8
580409.3
598923.8
595115.8
563621.3
523804.3
519424.5
531332.3
553391.3
580147.8
583361.3
550475.5
532158.5
538491.8
544275
561303
569694
550721.5
521486
510252
516184.3
528589.8
532234.8
525769.8
491572.3
453744.3
459236.3
483576
495201.3
484393.8
477529.3
463252.8
447642.3
454769
483694.5
493393.5
460928.8
417291.3
393522.5
400995.3
435731.3
471547
481879
451512.3
411447.8
383718.8
392981.3
443359.8
495797.8
504148.3
452220.5
377252.3
329343
326138.5
368594.3
423607.8
454430.5
428806
370836.3
320586
305879
326541.3
369642.5
397621.8
399569.3
365573.3
316642.8
284843.3
285926
309013.5
333938.3
342830.5
334288.3
314096.8
291343.8
285559
297385.3
314284.8
325904.3
325774.3
313737.3
297260.3
292403
296441.3
307790.3
309729
304673.8
291628.5
276112.3
271376.8
279909.5
299308.3
313527
308158.3
287507.8
266432
255750.5
258168.8
278709.5
303438.3
314012
300625.5
274962.8
252201.5
246701.8
261524
290266.3
309724.8
304274.8
280449.3
249001.8
230112.3
227251.5
243115.3
266613.3
283137.3
276709.3
251018.8
217593.3
196248.8
197329.3
212935.8
230310.3
241349.8
241048.8
225807.3
209375.8
197196.8
197700.8
200496
201919.3
200727.8
198870
194657.8
194235.3
201228.5
208758.8
217462
215202.5
201506
188020
184092.5
188720.3
205460.8
227521.3
240184.8
235494.8
225666.3
211550.5
203818.5
204895.8
221413.8
239949.3
246961.3
242729.5
231189
217242.8
215555.8
221057.8
240527
257756.8
266783.3
255323
238340.3
214718.3
212207
227514.3
244983.8
254995.3
249325
230798.8
207910.3
196705.5
201150.5
217483
235176.8
232300.3
214907.3
194603
177529.5
166303.5
166269.8
177645.3
196805.5
208785
203959.8
178913.3
151895.8
131358.3
127130.5
136106.5
151785.5
173027.8
182648.3
172800.8
149987.8
130600.3
118962
122520.5
131897.3
142724.3
153158.3
153397.8
143232.8
130774.3
121531.8
119168
123116.5
136495.3
150480.8
145283.8
135483
124220.3
118496.3
119714
123926.3
127127.8
131854.8
129777.8
126278
118955.8
115824.3
118787.8
122173
120711.8
115237.8
107498.8
104438.3
103445.8
108928.8
115122.5
122977
120840.8
112139
100486.5
93058.5
94676.75
101870.3
115759
128992.8
127445.8
113102.8
93947.75
81314.25
80306.75
92090.75
108867.8
128499.5
132982.5
123058.8
103681.3
84269.75
72894.75
76567.5
87883.75
