21.0638
10.48734
1.310547
32.65099
39.41044
18.82081
33.95702
33.04903
21.16595
43.95559
39.28926
36.61913
44.5011
47.82001
51.67665
43.88038
51.84643
51.76205
37.11671
36.6027
43.15427
36.5011
47.98492
55.38213
51.44567
54.0166
55.25401
52.0373
50.10722
53.325
50.09761
52.11247
51.40719
42.88938
51.28318
51.83571
39.9138
48.30756
43.461
51.66154
49.69387
43.2919
50.60832
52.69738
52.52861
38.60337
43.5697
47.90722
49.73723
47.24579
37.24876
45.76721
53.0191
42.00302
46.99949
38.25703
47.26295
51.78334
41.53731
47.46289
47.06264
44.7368
40.01148
44.09336
48.2052
27.57867
44.9904
43.51484
45.00624
50.15429
36.56556
45.68042
39.24794
46.69687
49.96264
46.49113
43.52769
51.2883
51.23886
47.40288
36.57626
45.81741
48.69971
48.04894
45.28627
31.77359
48.25679
48.83211
40.71666
36.6913
46.49954
48.27601
48.66384
46.47077
39.64118
40.69402
40.95705
37.01589
43.7688
34.87136
45.93934
50.28909
42.54678
49.58025
49.28075
51.28239
51.96928
47.32807
50.62116
54.30328
55.82583
56.21773
57.92717
58.27475
58.51385
60.12196
58.97412
58.28889
58.88224
59.62937
60.57811
61.69686
61.2053
59.88133
60.07413
60.06553
60.34336
59.30749
58.21025
58.80253
58.74781
57.57127
57.03833
57.08693
53.59663
52.41058
52.38611
50.10663
47.95246
53.96686
52.57633
52.44575
51.65223
46.32779
48.82238
44.14777
40.46029
39.8731
51.80432
51.97508
48.483
37.91871
47.91417
47.71198
46.44561
35.02435
41.27667
46.2548
40.47572
37.4371
46.37743
41.53698
41.72625
43.00409
42.52444
44.03949
42.04744
41.93328
38.04688
37.32397
29.83558
32.50415
42.05607
37.39219
43.90285
43.2136
38.23901
41.14011
42.07273
38.10881
40.84561
43.5927
38.45769
36.57463
39.04301
28.50514
38.48137
28.84098
28.20869
33.01477
40.87138
41.98367
35.72114
33.77472
38.16309
29.04657
29.06479
35.66463
31.80051
28.56415
30.6135
12.4167
31.78681
16.99349
31.86106
23.86083
24.30375
36.46699
32.87298
27.92529
36.28324
25.84082
30.00039
34.19436
25.41212
30.56243
35.9125
35.25414
31.13063
31.73974
34.97299
39.31772
28.99002
30.22453
39.78439
37.13736
34.68124
29.69896
31.23515
30.32265
21.84192
33.92268
32.49726
31.94274
39.52877
34.33267
28.27829
32.27267
34.85252
35.73018
32.70976
20.51677
29.92375
32.69192
36.21667
32.52053
34.86693
36.86295
37.4693
30.51113
33.31071
34.21464
25.27917
39.35346
35.13048
37.9179
32.1773
27.52904
17.01104
30.67047
38.06808
30.36
37.52347
37.24413
35.55434
35.76822
36.96886
37.37207
31.63041
32.41201
31.94205
37.30041
29.40237
27.47337
21.66777
32.84607
26.65638
31.3101
29.76173
32.49211
36.83334
28.71571
24.93409
33.43356
31.47407
29.99657
34.7668
34.50201
28.97801
30.25821
9.821945
25.37519
38.66727
38.71981
42.57452
38.07798
35.90889
32.03319
34.01591
39.6045
45.93459
47.34716
42.01665
35.66976
37.51478
39.71978
35.30766
42.23575
37.09489
44.00755
43.24384
43.48206
39.43647
39.56598
45.45101
45.71907
43.30568
37.60854
32.55162
33.65904
40.15125
33.42635
41.35477
39.35654
35.60877
39.67498
36.80383
36.51228
34.30511
37.10891
37.86845
30.31071
27.11908
32.17501
35.34765
37.23284
32.61814
33.44903
31.28583
30.1949
23.09883
35.0726
32.68108
32.26962
36.22348
35.32988
14.49689
35.9601
36.99655
36.92571
23.84479
27.57426
36.82216
40.9062
30.87518
35.90833
32.87601
19.01942
31.94133
28.18608
34.74015
39.41078
35.42107
25.93977
34.53407
38.34967
39.51611
36.7175
37.06797
39.21858
41.08764
42.61787
38.98006
32.60799
29.47827
39.11198
37.46434
30.89849
34.62085
36.39153
28.93527
37.75047
38.77293
35.93098
39.12987
40.55908
35.05953
35.49446
35.5522
34.6446
24.08509
34.45899
36.49384
28.21885
24.15346
22.73991
33.93578
26.91288
29.01531
35.26183
36.26678
31.76852
28.55943
35.57356
35.12663
26.4474
29.52906
36.57474
25.8089
27.30114
30.63945
28.31549
19.02749
29.81695
33.36421
25.96419
30.2981
33.79424
32.92783
22.89182
33.50567
33.93645
27.81226
14.48539
34.99656
34.11573
37.5836
30.71883
34.69688
36.63203
34.40688
40.86818
36.84675
28.11206
31.25501
33.23723
32.03788
33.1427
36.24922
26.43311
35.55346
33.59911
37.89864
31.04979
34.9119
34.75755
34.06703
38.748
39.68289
35.62629
34.04206
38.26385
37.02173
32.76831
38.81609
35.70014
37.75482
40.1619
42.33293
37.06539
40.8548
37.25996
35.63996
35.4866
36.23384
33.43129
30.59379
30.68272
26.04176
28.27633
34.10711
34.84018
34.88362
37.71294
37.7313
40.45699
35.54131
34.818
28.28085
37.19715
33.08651
28.10212
26.58392
33.21267
32.6472
30.01904
36.69753
34.51424
38.84943
37.57326
28.63213
31.64586
33.44455
36.81943
26.08939
37.1218
24.13017
35.40259
37.60107
9.549088
21.63919
25.96635
34.49864
31.01791
28.29705
18.46683
36.82669
24.92007
32.0258
18.12895
36.17031
38.21334
