18.927
6.970169
15.05119
30.0843
37.42573
27.87026
31.78837
25.77322
28.78543
44.64669
39.31552
37.12653
44.03601
40.25788
52.29203
41.86589
53.51643
49.31114
37.77216
40.37765
49.21587
44.41489
52.78094
53.46893
51.59118
55.04247
47.33539
51.16163
40.67546
48.94536
49.57371
53.10356
49.13744
43.90798
47.83861
51.57982
46.76514
45.88932
50.11872
48.71561
48.4962
28.00439
49.99073
48.18892
51.31557
43.21289
43.16713
47.29792
46.97565
40.76226
37.30762
38.37745
52.09578
43.79557
47.99671
35.08282
33.00066
51.49483
43.65356
48.17846
44.16196
42.21201
42.98937
39.2619
52.03885
42.49646
29.69698
44.23749
45.11924
53.69819
49.60132
42.92752
45.71909
47.53223
51.73308
51.91407
46.50231
55.268
45.12938
55.5082
51.63759
53.8255
54.62692
55.1368
53.09675
56.72692
57.43116
56.984
57.74086
56.83114
57.77597
58.85802
56.29389
58.85075
58.04358
59.24207
57.92415
60.14075
57.55987
58.88867
57.48528
56.37663
57.54502
53.73496
57.07272
55.49531
54.53225
55.82882
55.1472
51.16055
53.2995
50.61311
52.86224
53.82454
51.16105
55.63705
53.78374
55.06007
55.84049
57.54108
55.34851
58.41742
57.49674
55.62774
55.54757
54.37295
54.90388
52.43377
54.07737
54.33043
55.60182
55.82232
55.22254
57.22247
56.01192
55.36064
54.52279
53.72615
54.26202
51.84022
51.1023
51.24827
50.34797
50.20514
50.855
49.99506
46.71861
48.02553
47.51742
44.5514
40.82314
45.0484
35.3898
34.93938
46.97087
49.86482
44.83698
45.3302
46.51781
47.66178
39.403
43.78674
46.92141
40.96825
43.6815
41.02597
36.75463
49.0093
45.89858
43.74072
42.5068
45.99877
48.00115
44.45724
44.45157
42.8145
38.90437
43.07401
41.87445
44.49813
43.74811
39.28355
34.78283
38.99918
41.29836
39.47093
42.32381
43.60283
42.24575
45.89941
36.84008
40.30473
41.92996
32.29015
46.1587
40.44489
39.92502
43.23656
34.96249
36.32881
25.37699
40.98918
40.86182
43.11885
44.53673
38.21756
38.56168
25.53788
26.92073
39.38514
36.8912
33.98626
35.53075
35.6256
37.24237
32.42351
38.02287
39.3726
25.43492
35.64379
36.14005
42.19682
20.68933
43.40326
34.51455
38.06161
39.523
37.24366
38.86865
39.8507
39.71743
39.40317
34.52366
37.33753
34.07774
40.23771
31.62465
39.11575
37.96331
38.05009
37.33308
15.14836
36.71369
34.87715
31.72994
39.90734
33.49687
23.34277
33.83628
36.07439
39.92022
31.50427
25.03493
37.63856
43.37735
35.457
24.00177
36.60525
39.56687
33.6769
37.42302
24.54544
31.77961
35.36259
32.39333
20.98373
31.07098
33.62249
37.92328
32.23332
37.14394
33.90647
27.75623
30.81693
34.84136
39.5708
30.59898
30.85187
32.22833
36.37505
42.85576
40.64558
17.05472
36.75297
36.75088
34.95785
40.47295
26.14243
34.7418
34.69772
37.83477
30.72039
35.59659
32.66608
43.06926
35.31267
36.0007
34.25558
40.96957
40.80951
46.15701
44.73288
44.59334
29.37333
38.53717
33.3051
38.78767
41.28513
40.20416
46.70128
41.46885
43.33163
38.09893
39.26192
43.8337
46.39348
43.81594
37.47415
35.33101
40.77366
38.5375
37.65477
41.66559
38.03101
35.64186
36.46232
33.91698
32.57719
40.06124
42.24537
36.37153
26.02295
36.73241
33.07137
36.88195
19.69532
34.87489
37.342
29.11669
25.73332
22.46412
37.35685
22.8178
37.83585
36.0643
37.32485
35.79847
33.6631
34.98217
36.49962
39.2773
28.10831
37.60802
39.60653
34.52843
35.30326
33.70661
28.48031
33.05263
38.12732
34.01941
37.42178
39.66084
35.52822
36.94458
33.34233
39.95124
39.68326
38.41063
42.28598
39.92703
41.08028
40.90698
32.44208
36.22389
34.482
34.40927
25.93254
28.42423
42.36855
39.47207
34.30243
42.70474
37.70492
36.32177
37.84126
34.35519
32.14508
21.45234
37.50705
30.60759
34.34079
26.67033
32.41784
29.19728
28.68225
28.55368
29.51831
31.13798
30.86022
35.57549
35.9151
21.90462
16.07719
30.42492
38.26104
35.42595
31.75081
26.79024
34.5605
33.72805
16.81268
30.34005
37.13639
32.83175
32.09742
34.33105
35.22185
34.77613
24.46058
29.59097
36.94722
27.19799
17.25778
32.62644
34.41816
38.2704
33.56479
26.04376
38.09911
25.87387
39.66978
31.04427
28.36979
35.66439
22.68933
32.87575
36.94409
13.76489
36.4259
22.93057
27.4592
33.58753
34.52844
34.99693
15.16005
32.72586
29.5518
30.89991
29.47537
31.21072
29.68981
38.47879
34.23043
31.72829
33.10684
38.83175
36.86258
40.88995
40.12639
30.94537
35.03908
36.84017
37.45946
30.81974
29.17147
27.06052
32.46369
33.24734
33.01532
34.29488
22.05828
16.78064
19.95143
34.31296
35.58799
39.1968
33.13753
28.73603
34.74802
41.94165
31.76382
32.83668
33.98415
32.69728
22.80357
19.46501
30.12033
36.82515
18.93933
31.97948
24.3963
34.96647
27.55292
28.50751
39.65284
33.866
35.58139
18.29599
28.97503
30.82621
27.92252
27.09739
38.89034
2.456055
31.2645
24.91232
38.45977
35.9785
36.1758
31.28582
29.66334
