277765.5
277890.8
70932.25
52799.75
50767.75
48096
51944
58817.5
61890
64668.75
70255.25
76550.75
77466.75
81070.5
89210
98698.25
102934
106689.8
113137.5
123162.3
127381.3
128955
138376
151934.5
156757.8
157535
165860.3
180683
192069.8
196544.3
203969.3
216552.8
225030
225028.5
234944.5
250597.3
268317
274279.8
287023.3
294689.8
306356.5
321099.8
330028.3
335058.8
352518.5
377577
384275.8
391819.3
408001.5
428579
438611.3
452191.5
464021
489376
512756.3
520522.3
523493.3
544170.8
571651.3
580953.8
588167.5
610624.8
640009.8
654297.3
674587.8
684643.8
707563
728818.3
749336.3
756449.8
781468.8
805631.5
826665.8
848028.8
865122.3
876809.3
911386.8
937707.8
935149.8
956180.8
1012076
1028251
1024590
1064554
1098517
1106067
1123629
1151183
1176188
1201005
1240579
1243003
1241339
1275953
1328485
1327219
1341818
1368927
1417977
1442697
1466778
1469679
1497548
1543209
1537311
1531885
1596139
1665635
1650525
1643184
1699872
1745004
1753376
1761000
1796461
1843912
1911340
1919903
1894767
1939080
1993376
1978382
1954723
2057833
2058454
2098770
2125612
2126442
2142894
2167701
2231505
2231622
2218162
2292175
2341327
2329051
2313632
2384847
2412457
2395488
2435228
2524226
2537904
2502009
2497858
2506330
2510701
2559653
2596209
2622503
2634248
2660190
2680156
2653247
2623685
2671541
2726507
2710972
2699838
2748025
2811072
2794168
2781353
2824611
2836371
2815837
2806015
2857909
2871362
2874029
2904217
2885804
2852407
2912473
2976315
2956019
2928685
2977679
2990964
2937901
2968463
3048287
3024819
2968951
3007968
3035358
2987022
2995789
3072337
3045629
2986705
3001261
3021485
2991335
2996485
3014914
2995856
2967252
2974917
3004398
2981115
2963140
2991910
2999843
2959839
2962298
3009945
3026853
2968167
2935441
2961312
2976270
2936009
2960629
3021660
2998623
2914085
2954395
3020494
2995348
2941604
3014331
3052825
2974305
2913956
3004050
3020123
2932156
2901727
3017008
3026717
2933897
2929104
3029389
3028294
2984282
2953464
2987019
3011308
2997326
2947907
2953391
3022126
3018584
2940145
2861391
2905186
2948434
2908075
2874692
2929187
2961463
2919491
2864330
2879550
2920086
2893263
2848638
2860657
2902919
2894990
2860433
2874432
2892489
2872751
2858328
2897931
2916609
2910274
2892594
2909099
2888122
2810482
2827298
2913806
2892457
2831964
2878003
2949303
2893619
2800494
2836577
2923501
2906601
2853103
2857003
2916557
2920902
2866783
2847789
2874367
2922215
2925148
2882289
2852706
2851019
2852447
2826980
2832064
2906438
2953225
2916410
2877790
2903946
2933581
2921360
2911145
2934340
2966483
2959568
2916757
2903930
2949429
3014902
3054626
3014701
2965046
2962336
2984620
2983078
2983743
3027392
3025481
3008539
2997062
2979744
2994634
3050071
3049210
3005436
2993479
3019197
3028819
2964530
2940555
3009097
3041681
2959941
2895291
2966722
3054282
3039804
2990552
3037633
3064681
2986796
2948827
3007734
3072003
3077310
3055661
3050415
3058149
3089311
3119953
3114016
3094338
3120281
3150000
3116661
3058942
3110614
3230030
3191035
3092129
3097942
3200578
3210812
3088544
3117333
3260701
3269642
3128839
3095464
3204721
3272855
3213537
3165182
3211602
3218856
3166792
3160912
3191007
3222442
3248851
3281765
3231383
3189909
3217990
3315830
3307516
3220215
3236771
3344107
3329200
3225207
3239302
3374124
3405821
3268075
3221035
3338513
3427648
3367401
3297417
3385307
3468015
3400251
3313237
3368064
3479287
3504204
3451919
3433106
3454758
3451569
3425339
3441788
3493348
3522485
3507310
3494412
3493562
3468758
3428725
3401507
3449269
3520991
3530309
3510999
3522777
3540852
3503569
3449229
3480001
3544213
3583350
3556208
3542080
3574369
3572292
3569742
3561649
3611607
3659827
3667884
3675414
3696569
3737803
3682834
3639714
3686168
3784110
3760567
3695986
3697642
3770424
3814337
3740213
3692701
3755349
3834894
3850051
3792632
3723710
3756822
3841554
3856822
3777156
3728825
3810023
3933401
3896954
3726923
3664611
3815137
3900501
3839517
3755000
3842656
3979132
3951701
3831215
3815233
3969512
4031872
3930234
3842469
3961123
4075837
3986961
3854079
3887395
4010236
4002318
3916683
3920316
4017264
4034647
3960781
3929725
3975651
4042235
4048716
4047220
4043519
4003319
3966225
4037903
4122346
4114083
4064220
4082660
4141589
4108176
4044776
4110094
4292144
4289593
4056097
3926909
4134327
4387986
4303458
4044900
4072663
4334113
4433925
4174318
3954359
4135924
4432967
4402643
4122024
4012434
4147761
4281145
4216279
4131016
4153348
4237912
4261465
4215910
4151565
4149754
4167300
4210564
4252332
4260198
4239290
4224900
4262063
4329877
4312708
4215395
4218836
4325075
4396670
4362933
4264517
4259017
4388843
4500405
4472720
4336099
4300142
4372491
4461003
4437038
4355177
4331669
4395562
4350198
4211326
4137072
4238954
4396229
4382857
4203206
4122735
4230108
4360935
4340360
4246499
4217660
4288540
4309370
4249295
4231992
4298894
4412030
4405002
4283697
4228805
4274864
4332901
4352755
4381866
4387526
4362043
4313040
4286333
4315198
4337581
4394239
4425888
4428856
4382824
4371933
4392040
4415803
4401028
4373871
4360247
4373614
4345306
4264028
4226059
4235791
4277018
4298573
4275135
4196803
4130424
4127388
4199681
4216349
4169412
4136587
4200822
4288400
4237707
4049963
4030541
4287072
4496970
4371631
4046413
3961693
4229165
4469843
4382858
4117555
4068629
4259803
4387806
4303999
4159964
4174136
4315447
4368490
4222854
4092561
4123552
4251968
4359706
4315604
4174092
4054660
4057938
4174924
4259208
4209238
4076685
4013203
4103145
4211911
4217036
4153388
4079942
4090955
4163766
4228529
4204379
4116837
3986165
3973049
4098053
4248563
4217958
4004053
3868115
3930893
4124999
4215158
4063006
3860011
3854203
4035023
4225280
4148924
3895390
3796587
3957730
4192616
4211062
3982109
3787688
3878223
4102500
4167657
4031788
3895008
3916793
4005254
3989152
3892795
3884083
3981395
4001377
3834898
3671787
3707156
3863296
3988743
3899431
3675681
3524148
3598169
3769276
3881901
3806742
3614767
3505597
3600856
3744036
3768154
3625383
3544869
3636766
3739966
3689241
3540280
3510141
3632077
3742009
3697271
3556371
3469966
3526776
3634942
3705226
3625821
3496358
3420729
3439051
3478290
3454273
3398171
3370921
3331650
3268523
3207229
3219700
3303401
3323230
3211970
3054181
3060182
3195896
3230399
3060843
2921509
2970157
3125373
3133686
2945750
2832433
2906327
3087008
3156250
3018501
2888335
2839983
2878222
2929015
2923500
2875501
2820350
2811232
2817380
2835735
2858773
2826322
2816859
2780332
2696334
2628364
2626907
2696353
2749887
2692036
2553811
2451423
2478426
2602431
2656316
2558962
2365235
2311234
2406483
2502235
2477606
2331666
2237760
2294695
2411497
2438698
2321037
2179532
2170683
2283344
2377797
2324193
2185268
2081169
2118309
2242076
2307156
2211885
2044152
1966602
2030109
2148202
2184259
2095928
1964291
1902812
1928406
2007836
2060995
2016403
1897734
1796407
1785367
1852505
1914173
1888896
1802603
1731212
1722259
1781592
1817225
1812465
1758217
1719967
1707558
1726652
1731262
1717145
1677981
1637788
1612523
1610468
1593913
1577310
1562390
1546795
1542726
1524005
1521578
1501946
1496682
1479564
1470522
1451231
1416605
1400439
1407650
1421465
1421959
1380917
1332626
1322738
1349561
1384934
1380207
1321865
1266104
1260870
1303864
1356612
1351161
1274656
1205554
1206606
1254819
1299442
1285767
1216801
1138651
1125505
1175282
1215212
1219157
1164500
1094198
1070523
1099604
1152268
1172184
1134603
1059944
999409.8
995247
1038678
1091829
1096123
1024455
945634
922789.8
968267.8
1045115
1087483
1028883
931193.5
884471.8
914932
1001109
1036856
989737.8
901837.8
852477.5
874280.8
935673.8
953928.8
919595.8
844989.5
799320.8
805522.5
850895.3
877930.3
859112
800542
747744.3
742062.5
782961
818592.5
804396.3
745727.3
687323
683223.8
723373.3
765319
760753.3
709157.3
672436.3
672431.8
711263
736543.8
725679.3
677918.3
647649
652355.3
675357.8
694865.8
676521.8
632119
609349.5
598374.3
616853.8
640067.3
621607
579745.3
551865.8
552398.5
577102
599543.8
572395.3
520251.3
487094.8
499054.3
532377.5
549790
531128.8
488196.5
462772.5
468431.8
486817.5
497668.5
493233.5
477043
460998.3
455520.3
447911.3
444798.3
445777.3
441332
431715.8
423286.3
408560.3
395991.5
391782.8
396103.8
375405.5
372378.8
388602.3
367437.8
356366
354829.5
357123.8
360668.5
354809
338376
322901.8
314861.8
317031.3
324985.8
325513
310140.8
289215.8
271843.3
272654.3
285436.8
291034.5
282065.8
262793.3
246636.5
244509.8
252122.5
261323
263245.8
250825.3
236723.3
