155909.5
155558.8
54272.25
41851.75
41247.75
40480
41472
46917.5
52846
55148.75
58355.25
60366.75
64138.75
70598.5
75406
81086.25
89130
94789.75
98857.5
104122.3
106437.3
114199
122192
129562.5
131529.8
137543
151580.3
161167
163985.8
169888.3
182549.3
190848.8
191710
198372.5
214476.5
227749.3
231189
238103.8
254179.3
265177.8
273512.5
280163.8
291948.3
308878.8
313962.5
319981
332867.8
351835.3
363733.5
372411
387679.3
405543.5
419753
431304
447544.3
458166.3
471609.3
487526.8
497871.3
510505.8
530571.5
553028.8
559565.8
573853.3
598903.8
616575.8
626167
634570.3
659372.3
683621.8
698644.8
706147.5
725753.8
756160.8
771350.3
768281.3
791434.8
830607.8
842805.8
844320.8
868323.5
900683.3
920822
935082
949529
975643
1004629
1011715
1021964
1049637
1090639
1087351
1091399
1122205
1168073
1173947
1180454
1193283
1236621
1255629
1272570
1283087
1309528
1338529
1343103
1355765
1388603
1420495
1426329
1443740
1473296
1502244
1531084
1538232
1552273
1595440
1641924
1647631
1637251
1667284
1697304
1708014
1698159
1758429
1748102
1804602
1819068
1805618
1847774
1871629
1893069
1906514
1933990
1973731
1974807
1995375
2008516
2040699
2050221
2042772
2070612
2150090
2172812
2130253
2114202
2162658
2173217
2154577
2179233
2250271
2267728
2249402
2274604
2275303
2258593
2303117
2337139
2305896
2303806
2358181
2389812
2352916
2362473
2426675
2447479
2405525
2383803
2426653
2483898
2468001
2450589
2455976
2482555
2501209
2490319
2491919
2524561
2542139
2531624
2503313
2512455
2548963
2566431
2540551
2531492
2565070
2579566
2561201
2548261
2552493
2587341
2591901
2561193
2540087
2559993
2571282
2556032
2531712
2539377
2586946
2591747
2543308
2520194
2551927
2559523
2546274
2532517
2541809
2558807
2553213
2526248
2494558
2514749
2567929
2545184
2475023
2489493
2582163
2584478
2504116
2492736
2578791
2591105
2512585
2485080
2546614
2549359
2493284
2448575
2482936
2520253
2524537
2503560
2494841
2486606
2534938
2507452
2461515
2481520
2545602
2521411
2454543
2458542
2496888
2478901
2397767
2391106
2444350
2458255
2437248
2430815
2431199
2435399
2423554
2405930
2389822
2389179
2412622
2405125
2362659
2340926
2389669
2428896
2392689
2347723
2376140
2418123
2373017
2344310
2369946
2415487
2394510
2315442
2306554
2346890
2344105
2310268
2316799
2340023
2344315
2323066
2311073
2308033
2322073
2346163
2319599
2296329
2310194
2347467
2353701
2306499
2309603
2358232
2367257
2315302
2284579
2313139
2333844
2312748
2306202
2331093
2354254
2355142
2340838
2334297
2339688
2348037
2341720
2333879
2338864
2348413
2350342
2339197
2339934
2386322
2401137
2374330
2359720
2383432
2384270
2355899
2357660
2370505
2365463
2351130
2341428
2368218
2386527
2348062
2343320
2382295
2380881
2336715
2296702
2318423
2341745
2317209
2284021
2294579
2328406
2334570
2330088
2336052
2366949
2355441
2316588
2312415
2338002
2357051
2345698
2337377
2337367
2353193
2371979
2368825
2357652
2344162
2361061
2362696
2348397
2343514
2374718
2403218
2362319
2329101
2353954
2408990
2406372
2343604
2361921
2421513
2401894
2329635
2333388
2413133
2453659
2397197
2351698
2395262
2418700
2372824
2346952
2371335
2427046
2440603
2417825
2391719
2399273
2405458
2408574
2393596
2380551
2402343
2425903
2389576
2356507
2382502
2430692
2420025
2365579
2364235
2414121
2431856
2402549
2379689
2425215
2467939
2436351
2392177
2409876
2464455
2478900
2442323
2426366
2451350
2471485
2459535
2455516
2466616
2495277
2502950
2475772
2459214
2470586
2475773
2451887
2436341
2458083
2488821
2502355
2485573
2448908
2433521
2442013
2458981
2449413
2449518
2467596
2480124
2470525
2444648
2461614
2486365
2503955
2492675
2487404
2504454
2511329
2511627
2483790
2473990
2493788
2519854
2488695
2471714
2485270
2499504
2491057
2470245
2495561
2547737
2535414
2483931
2475064
2491346
2510178
2501614
2506886
2532892
2542157
2511971
2483029
2500846
2520739
2510311
2502805
2502013
2536705
2535488
2505572
2503056
2537029
2579811
2556213
2527232
2517716
2545074
2552985
2555019
2540261
2534209
2556503
2558879
2531304
2499586
2519147
2556576
2570700
2534771
2515645
2542185
2565263
2558067
2539796
2556864
2589815
2582459
2540605
2530887
2560114
2600879
2613372
2580404
2568409
2570220
2592024
2582134
2570928
2572661
2597633
2597917
2583519
2572998
2566534
2587388
2601823
2602901
2598945
2593522
2574911
2561792
2570379
2555287
2558840
2562062
2553637
2542317
2545519
2561168
2568744
2561916
2565953
2589418
2567437
2551822
2537952
2563604
2580620
2575634
2568054
2568896
2580831
2582481
2553888
2534639
2564260
2597195
2601198
2576505
2554249
2548749
2576235
2581173
2563008
2555383
2586542
2607959
2587467
2545890
2548281
2576181
2601518
2546158
2500582
2497728
2533922
2556489
2548829
2527210
2549555
2568392
2565939
2540128
2523379
2537380
2568752
2563878
2526651
2516012
2542454
2598946
2594298
2527257
2489977
2517472
2545997
2546811
2537842
2522082
2506119
2488056
2473725
2483074
2485465
2496427
2502372
2517716
2526424
2519817
2491848
2486575
2506548
2531275
2513367
2503886
2491762
2474744
2471999
2444127
2454414
2472637
2490611
2465591
2414444
2387132
2408493
2447533
2453908
2429175
2410586
2415340
2422243
2403955
2385961
2414488
2431606
2419079
2378509
2348053
2359437
2381631
2379850
2370635
2355505
2368655
2375754
2370487
2346404
2326780
2334335
2355486
2352650
2338025
2319988
2290848
2305290
2338300
2364340
2331064
2271034
2253788
2284760
2314282
2283117
2237247
2270069
2322191
2317796
2247484
2204978
2241219
2314982
2302157
2210415
2174757
2192121
2225653
2228325
2192243
2164494
2155269
2159751
2161601
2177683
2185018
2153294
2129275
2139175
2177671
2223224
2161624
2088018
2103455
2162734
2187228
2123326
2054309
2048384
2134635
2186124
2121333
2023544
2005764
2060869
2119342
2082772
1998315
1956283
1995047
2038353
1998966
1940099
1936912
1985000
2027147
1973535
1904485
1886708
1927885
1971424
1956481
1924638
1903071
1888149
1891540
1912864
1939838
1921779
1874585
1843198
1841202
1868541
1867616
1837953
1799477
1792313
1815167
1826587
1809202
1789852
1779970
1801226
1806549
1777998
1749493
1737827
1742318
1747813
1749307
1739193
1715630
1694391
1691645
1698880
1717369
1704354
1664018
1624277
1626470
1665080
1662931
1609995
1572525
1577857
1612169
1609058
1553926
1531525
1537827
1563332
1567838
1524813
1501747
1505279
1512578
1514343
1494548
1476061
1466130
1475100
1472204
1461523
1458857
1449254
1443123
1435632
1406850
1390288
1388355
1395445
1398999
1382084
1367619
1352815
1345546
1354835
1347316
1334214
1307087
1303542
1308827
1301763
1297126
1293986
1290996
1286051
1261481
1238226
1239565
1250380
1253907
1238048
1203029
1183697
1195664
1209137
1210101
1190116
1157616
1139457
1134040
1136458
1137133
1124326
1110879
1097756
1093211
1090756
1088266
1091060
1089479
1074399
1051406
1032427
1031859
1038545
1034525
1018292
999591
990556
991599.3
999524.3
986128.8
970420.8
961392.5
960271
950718.3
941728
931581.5
926032.8
917333
901891.5
884718.8
878379.5
881341.3
883777.8
873141.5
856118.8
841577.5
840945
854226.3
865534.3
857413.5
832680.3
812213.5
806726.8
806848.5
814006.8
814553.5
800284.5
783643
768781.3
768089.8
771054.3
768840.8
758517.8
743319.3
731624.8
737744.3
735841.8
733140
727816.3
713320.8
696791.8
690046.3
699665.8
702658.8
693018.3
674583
661784.8
657414.5
663309.3
667390
654007.8
640817.3
632331.8
629621.8
636411
633599.8
628667.5
618120.3
610526.8
602984
595285.8
587791
593142.3
595360.8
590135.3
574634.8
560074
561981.8
566047.8
564831.3
558171
539554.5
528021.5
524139.8
527468
528916.5
515635.5
500885.8
498189.8
499285.5
507284.8
506797.8
489828.8
478343.8
473233.5
474212.8
472798.5
468191.3
456670.3
449276
444970
444056.3
441230.5
437861
431604.5
424548.3
422047.3
417907
411903.8
405881.3
397847
395185.3
393569.3
397308.3
392067.8
386631
372879.8
368679.3
366614.3
368713
366279.3
354057.8
345957.8
340941.8
339379
340409.5
333718.3
327445.8
324479.3
322679
315565.3
314341.8
306306.5
301498
299187.8
296791.3
293675.3
290506.8
288186.3
282953.5
275614
269804.8
265904.5
267612.5
269463.8
263097.5
253956.5
245237.5
244755
246322.3
244652.3
240375.3
231550.3
228245.3
229036
224655.8
220986.3
212924.3
207019.5
208998.8
212843.8
197381.5
191498.8
203914.3
193221.8
192146
193465.5
189571.8
181692.5
179165
175584
175341.8
172537.8
171851.3
165049.8
158913
155916.8
154507.8
152367.3
148894.3
145492.8
141570.5
138313.8
139509.3
134776.5
131697.8
130266.5
124235
124729.8
124685.3
122007.3
