191609.5
192210.8
57128.25
42803.75
43151.75
41908
41948
49297.5
53322
58004.75
60259.25
63222.75
67470.75
73930.5
76834
83466.25
90558
96693.75
101713.5
108406.3
112625.3
117055
126952
132418.5
135813.8
141827
153960.3
164499
168269.8
174648.3
186833.3
196560.8
195042
201228.5
218284.5
233937.3
237853
243815.8
257987.3
270889.8
278272.5
284923.8
296232.3
312686.8
320150.5
326645
342387.8
362307.3
373729.5
380979
397199.3
415539.5
425465
440824
458492.3
469114.3
483509.3
497998.8
508343.3
517169.8
542471.5
563024.8
573369.8
586229.3
610327.8
629427.8
637115
648374.3
674128.3
695997.8
714352.8
718999.5
738129.8
772344.8
789438.3
786845.3
806666.8
845363.8
862321.8
866216.8
888315.5
922579.3
941290
957454
971901
996587
1025573
1033611
1043384
1073913
1111107
1112579
1115199
1147433
1191873
1200127
1207586
1219463
1262801
1285141
1301130
1312599
1339040
1368041
1373567
1386229
1418591
1452387
1460125
1477536
1508044
1537944
1564880
1570124
1588449
1634472
1680004
1685235
1678187
1707268
1735384
1744666
1734335
1799841
1789038
1847918
1859052
1849886
1890614
1914469
1934005
1947926
1977782
2018475
2019551
2041071
2056116
2086395
2098297
2094656
2120592
2201498
2226124
2180233
2169894
2216922
2227957
2213601
2232069
2302155
2316756
2310806
2337912
2337183
2319045
2362617
2396639
2368252
2369018
2416253
2449788
2416700
2424829
2489983
2512215
2466453
2443779
2488057
2540066
2533213
2510089
2519760
2545863
2570229
2555531
2554275
2585013
2608779
2602072
2574237
2578143
2616555
2628787
2605287
2602416
2630282
2649538
2636409
2619185
2621037
2657313
2664253
2637353
2614343
2631869
2643634
2627432
2604064
2613633
2657394
2666479
2615184
2595402
2623803
2636635
2621958
2604393
2618445
2632111
2631277
2599552
2568338
2586625
2642661
2624676
2553563
2564225
2664035
2661590
2582656
2571276
2658759
2667265
2592553
2563620
2625154
2627423
2571348
2528543
2558620
2599269
2604505
2588288
2575761
2572286
2613478
2586468
2537199
2560060
2626046
2605663
2535463
2543746
2575428
2561249
2480115
2472026
2523842
2541555
2521500
2513639
2514499
2518223
2506854
2491610
2473122
2470575
2495922
2496517
2447387
2419466
2469637
2509816
2476941
2437211
2462296
2500947
2461553
2429990
2454674
2498311
2480190
2398742
2388426
2431142
2434545
2401660
2406287
2421895
2426187
2411602
2398657
2395617
2412989
2436603
2409563
2382485
2395874
2436479
2445093
2393607
2402423
2450100
2460553
2411454
2374543
2409767
2424284
2403664
2398546
2425341
2449930
2448914
2434610
2435209
2438696
2440381
2436920
2426223
2431208
2444089
2449826
2439157
2440370
2484378
2503477
2478574
2457300
2485296
2491370
2455859
2462380
2470941
2470659
2455374
2440436
2469130
2491723
2454686
2448992
2484635
2491313
2440483
2396662
2422667
2446941
2425261
2390169
2402155
2435506
2446906
2438140
2440296
2475477
2464445
2427496
2421895
2451766
2466531
2458034
2449237
2446371
2465529
2483839
2482113
2470940
2458402
2474825
2477888
2463113
2455850
2490862
2521266
2477035
2442865
2469622
2525610
2521088
2464032
2478541
2541465
2524702
2453395
2455720
2534513
2579799
2517625
2472602
2514738
2538652
2497060
2463572
2496047
2550806
2567695
2541109
2515479
2522557
2533502
2538046
2523544
2513831
2529911
2554423
2514764
2481695
2508642
2560164
2544737
2502191
2498467
2538357
2555616
2529641
2511065
2559447
2598839
2568203
2523077
2541728
2592499
2612656
2575603
2561550
2586534
2605717
2600907
2594984
2605132
2635697
2636230
2612860
2601538
2609578
2616669
2594211
2579617
2595171
2629241
2648011
2626469
2593612
2574417
2587669
2602733
2591737
2591842
2613728
2626256
2612373
2588400
2606794
2638209
2654371
2639283
2639248
2653442
2661269
2661567
2627542
2621550
2645632
2673126
2638159
2628318
2637114
2651348
2644805
2623041
2652641
2705293
2695350
2644343
2634524
2645094
2667258
2662502
2664918
2698064
2705901
2674287
2646773
2662210
2684959
2673579
2665121
2664329
2704257
2702564
2675980
2667276
2701249
2744983
2724241
2694784
2691456
2715006
2724345
2727807
2710669
2710805
2725007
2730715
2699808
2676182
2691459
2731268
2747772
2710891
2692717
2719733
2744239
2740851
2722580
2741552
2769743
2762387
2721961
2713671
2739090
2783663
2795680
2767472
2752145
2757288
2776712
2767774
2756568
2755445
2776609
2787841
2776299
2756258
2755030
2783024
2793651
2795205
2791725
2782018
2762455
2753144
2763635
2749971
2750192
2753414
2745465
2734621
2736395
2757756
2769616
2759932
2762065
2789814
2767357
2749838
2737872
2758764
2783872
2781742
2774638
2770720
2783607
2783829
2754760
2737415
2766084
2798067
2803498
2787373
2760357
2755333
2778535
2782521
2771020
2767679
2796458
2813591
2794527
2758186
2754389
2785145
2811434
2756550
2709070
2705740
2740506
2768309
2761125
2741886
2762327
2783544
2777283
2753852
2739007
2750628
2785332
2778554
2746087
2737352
2759510
2818858
2810402
2744313
2712269
2742144
2762101
2765771
2752042
2738662
2730315
2710348
2691257
2706794
2703473
2714435
2724188
2740960
2745860
2742109
2717948
2713627
2731220
2751663
2733279
2725226
2711674
2697036
2692387
2672607
2679086
2694929
2716235
2688359
2636260
2611328
2628881
2668873
2674296
2654799
2633830
2639536
2647391
2622915
2607777
2636780
2654850
2647559
2608417
2571297
2582681
2602019
2601666
2585787
2576845
2590947
2598522
2601823
2571552
2551928
2558531
2573970
2573038
2561269
2542280
2511712
2528534
2562972
2587584
2554784
2492850
2472748
2503244
2537050
2500649
2458587
2494265
2543531
2537708
2469300
2422986
2460179
2533466
2520165
2430803
2395145
2409177
2444137
2444429
2410727
2384406
2375657
2383947
2388177
2399499
2402550
2366542
2344427
2360039
2397583
2443136
2383916
2313166
2321463
2382170
2403808
2340858
2276601
2266392
2344551
2404132
2336961
2240600
2219012
2275545
2333542
2302684
2212039
2172387
2211151
2254457
2211262
2155727
2152540
2196344
2235159
2190115
2124397
2096148
2139229
2182768
2172585
2142170
2116795
2099493
2104788
2124684
2151182
2138359
2082597
2052162
2049690
2073697
2073724
2046441
2007489
1998897
2015087
2033171
2016262
1994532
1984650
2004478
2013609
1987438
1954173
1940603
1944618
1950113
1950179
1941493
1919358
1891931
1891089
1902132
1917289
1903798
1866318
1821817
1824962
1865000
1864279
1810391
1769113
1770161
1806377
1799458
1749086
1723353
1726799
1756112
1761570
1714261
1694051
1693299
1702026
1705695
1682092
1663129
1655102
1662644
1658320
1646687
1645925
1633942
1625907
1616512
1594870
1574500
1569711
1574421
1576547
1562964
1546595
1532743
1524046
1531907
1526292
1508906
1483207
1479186
1485423
1475503
1468486
1467726
1468068
1454555
1433317
1409110
1408545
1418884
1422411
1402744
1371533
1348393
1362264
1371929
1371465
1349100
1316600
1298917
1292072
1296394
1295641
1282358
1265579
1259120
1249815
1249740
1243918
1243380
1241323
1227671
1198966
1183319
1182275
1186581
1183037
1160140
1145247
1141448
1138207
1140420
1127025
1113221
1105145
1099739
1089710
1078816
1072002
1064549
1053945
1034220
1020379
1013564
1012241
1014678
1004042
986066.8
972001.5
969465
984174.3
992150.3
987837.5
958344.3
938353.5
931438.8
933464.5
942526.8
937361.5
921188.5
908355
890161.3
888517.8
895290.3
889744.8
878945.8
864223.3
853004.8
857696.3
855317.8
849760
839200.3
825656.8
809127.8
803334.3
810573.8
813090.8
803450.3
784539
769360.8
763086.5
771837.3
774966
766819.8
746013.3
735147.8
736245.8
735895
735463.8
728151.5
717604.3
708582.8
704372
692389.8
684419
687866.3
692464.8
688667.3
671262.8
658130
654325.8
657915.8
660031.3
651943
634278.5
618461.5
616483.8
616004
620308.5
603695.5
590373.8
587677.8
585441.5
594392.8
593429.8
574556.8
564975.8
555105.5
555608.8
556098.5
548159.3
537590.3
529720
523986
523072.3
519770.5
517353
509192.5
501660.3
497255.3
491687
486635.8
476329.3
471627
468489.3
467349.3
472516.3
464419.8
457079
440947.8
437699.3
435158.3
436781
433395.3
423077.8
413549.8
405201.8
401259
403241.5
397026.3
390277.8
389691.3
385987
377921.3
374793.8
368186.5
359570
358211.8
356291.3
348415.3
346674.8
346734.3
340073.5
331306
324544.8
319692.5
319496.5
321347.8
314981.5
303936.5
298549.5
297591
296302.3
296536.3
287975.3
279626.3
276797.3
274732
270827.8
264778.3
259096.3
253667.5
253742.8
256635.8
238793.5
236718.8
247230.3
239393.8
236414
234401.5
229079.8
223580.5
218673
214140
214373.8
213473.8
208979.3
205509.8
198897
193044.8
190683.8
187591.3
183166.3
181192.8
177746.5
174965.8
175209.3
168096.5
165493.8
160254.5
154223
153765.8
154673.3
152947.3
