269575.5
271219.3
151285.3
129743.3
127103.5
130238.3
133079.8
136257.3
138626.5
146842.3
153735.3
153359.5
159466.3
167378.8
170308.5
177958.8
187759.3
191648
197958
204812.8
210324
219628.3
227580.3
230297.3
238287.5
256163.8
262287.5
261419.3
277364.8
293376.8
296559.5
301077.3
311406.3
320925.3
338005.8
347046.8
350270.3
366952.8
383343.8
387372.3
390243.3
409088.3
434487.5
439555
436453.5
458682.8
487836.8
494012.8
492955.3
516057.8
538276
544787.8
563212.8
585822.8
602504.8
616989.8
630754.8
636373
660012.5
685032
688855.3
715784
754061.3
748401.5
750341.8
803559.3
829707.5
804085.3
828055.8
891048.3
900306.3
875990.5
904061.5
948825
977715.8
980540.5
983516.8
1027991
1087402
1077019
1056173
1122017
1200039
1194100
1180210
1215115
1264463
1288378
1290339
1304343
1373708
1426262
1407825
1389178
1459796
1511037
1497941
1474154
1553657
1625039
1629915
1604855
1644636
1707509
1722785
1729003
1767571
1809450
1836049
1838820
1872622
1931202
1992728
1988541
1983552
2054922
2127008
2107992
2104167
2227155
2274115
2194491
2176444
2330684
2325884
2310106
2334048
2421231
2484463
2436713
2438019
2518348
2594624
2613926
2541740
2579583
2698160
2751792
2663315
2688268
2869722
2968348
2856288
2803902
2899014
2993317
2982395
2982907
3046826
3160853
3212040
3129082
3093741
3193579
3302503
3318943
3277987
3301334
3392786
3443501
3436475
3383898
3476737
3674808
3688801
3479442
3493767
3749486
3805054
3559503
3565844
3830667
3888568
3706900
3659255
3819083
3883351
3808251
3751960
3796196
3888958
3909808
3828670
3752956
3799304
3888830
3861392
3781637
3819964
3906150
3926189
3832338
3778779
3828154
3888402
3864581
3806238
3773142
3832534
3971087
3964321
3786147
3784697
3992721
4000145
3746272
3766713
4060115
4122779
3850252
3766977
3964900
4086840
3984453
3867842
3914364
4082994
4115366
3906188
3819252
4080938
4270011
3988549
3741565
3991094
4240179
3987683
3737641
3938247
4154077
4000407
3778716
3854229
4013768
3982030
3850990
3763495
3892300
4071130
3987300
3764545
3784914
3980134
3916776
3719622
3707289
3850875
3851440
3758046
3724276
3723610
3749741
3816082
3730605
3592838
3625070
3733676
3667889
3549787
3620172
3753924
3667342
3565883
3586464
3634187
3588443
3562239
3534930
3526954
3515628
3583976
3537434
3388842
3416640
3523111
3458910
3361256
3481146
3585108
3480458
3359620
3445920
3507531
3438822
3436975
3505835
3478993
3406892
3447899
3526638
3444598
3387807
3441055
3491951
3409612
3367078
3429235
3456270
3405027
3411853
3472414
3463349
3460761
3468618
3442374
3364570
3375141
3455993
3453323
3353730
3324187
3385772
3425398
3333380
3331163
3405968
3447025
3376040
3310225
3342027
3399669
3374430
3271973
3290343
3418678
3431064
3323957
3283787
3367939
3416711
3349406
3275281
3315685
3336846
3296034
3276692
3306626
3332706
3331206
3353265
3381101
3370678
3367883
3469408
3490986
3358564
3319559
3449983
3547348
3465201
3385999
3464011
3582606
3526694
3421153
3508646
3649574
3570905
3395016
3408395
3533189
3562272
3536355
3520352
3566470
3525717
3476472
3520595
3566170
3589450
3580878
3569329
3526003
3473267
3511031
3606365
3607898
3486263
3449267
3525276
3554512
3515716
3514371
3605429
3616723
3529026
3478578
3574258
3685567
3680235
3609002
3580823
3623329
3641870
3613459
3645702
3734835
3780452
3724336
3661424
3639980
3675626
3736617
3804087
3808639
3798630
3749914
3733643
3766407
3781386
3768747
3838985
3916386
3900634
3792280
3739651
3827132
3937392
3936396
3887138
3947489
3993815
3925187
3781662
3783715
3899363
4004580
3966024
3877219
3914263
3967317
3960707
3862418
3889211
4012613
4043061
3956846
3861763
3897541
4018968
4061004
3997643
3935141
3985223
4078992
4075777
4030336
4053572
4158073
4159804
4013684
3933167
4041943
4228556
4258979
4154554
4122576
4233693
4283253
4187708
4153564
4303257
4526734
4497009
4230907
4157108
4353146
4478481
4339990
4196780
4337779
4532113
4444662
4219964
4235732
4437234
4403475
4203128
4183765
4415359
4543166
4387205
4245744
4322168
4435394
4348001
4260986
4360861
4565961
4520856
4316257
4278256
4445124
4521546
4405001
4353255
4478976
4573343
4451949
4309294
4396563
4587263
4653753
4509024
4441132
4509078
4552640
4473231
4396655
4497015
4645687
4667873
4495865
4419168
4516478
4683119
4710561
4595361
4538420
4600629
4651269
4618952
4574023
4646071
4756352
4768627
4625318
4546223
4619707
4687427
4644669
4529148
4476765
4538067
4605945
4529982
4415756
4428217
4558351
4612711
4551428
4482319
4519507
4585285
4571414
4474813
4441411
4540372
4666109
4672924
4583136
4532035
4591008
4658321
4647504
4649669
4648579
4690440
4676548
4619653
4600699
4640702
4678315
4625081
4565278
4560003
4618909
4640917
4604063
4568377
4548572
4545439
4469426
4421652
4454434
4512222
4504746
4437117
4425344
4511593
4591126
4545986
4460152
4428267
4462632
4488345
4481911
4496744
4508295
4496807
4465719
4464839
4484859
4496262
4473714
4410887
4394464
4433215
4450171
4432382
4383746
4367605
4363076
4351251
4385945
4398535
4411459
4406641
4412163
4370009
4353596
4356665
4363108
4315825
4275267
4265171
4280901
4284572
4193622
4132619
4165565
4302156
4305611
4135877
3969574
3992610
4132353
4213614
4145793
4037575
4029650
4095652
4125189
4127058
4092067
4074127
4093325
4116634
4096158
4013356
3961377
4032901
4152525
4144641
4010964
3946315
4082286
4203965
4147003
3941218
3856551
3983280
4116547
4108586
3914253
3804955
3842446
3974963
4054684
3977726
3798471
3712952
3784251
3951253
4006578
3917404
3780253
3729449
3849375
3944881
3934985
3820931
3715041
3711022
3754703
3819725
3756936
3662744
3642225
3681693
3713605
3642758
3562142
3562645
3661166
3682377
3580623
3529393
3605298
3753247
3706745
3557617
3507715
3638523
3691382
3591005
3478013
3527598
3649753
3589980
3369800
3269911
3430961
3594370
3508002
3248289
3156515
3296367
3447867
3391402
3212917
3185407
3293961
3340395
3261471
3177936
3233040
3303472
3278702
3177284
3172162
3301851
3364862
3273036
3095863
3094508
3251294
3366036
3265924
3082225
3018722
3088651
3164688
3146581
3043261
2974788
3010823
3008696
2985287
2926043
2937971
3007973
3015015
2961475
2860842
2797052
2795530
2860216
2936379
2912563
2764686
2625526
2640182
2778425
2883041
2792440
2582110
2465913
2495572
2621365
2677063
2583895
2451979
2396625
2417785
2484770
2520477
2497734
2443432
2401122
2390115
2432567
2474888
2470011
2413599
2392988
2388694
2414598
2410849
2376491
2338858
2327213
2315892
2278365
2251131
2194278
2134387
2124266
2116386
2109860
2073259
1985933
1945720
1979458
2098331
2125777
2015781
1891392
1876699
2006887
2119698
2083212
1990837
1914573
1934289
1976063
1982409
1952971
1933241
1908494
1861454
1802339
1787605
1821404
1851731
1805330
1713292
1652510
1656581
1680398
1678152
1656938
1617533
1577710
1560327
1581621
1649750
1651274
1590999
1514928
1512794
1588772
1648096
1586248
1503726
1481935
1520094
1527878
1471444
1390724
1400529
1476745
1481826
1394810
1292319
1294083
1392054
1460770
1395831
1285832
1226875
1251095
1304186
1329814
1274244
1225765
1187929
1181940
1188675
1206740
1232280
1233744
1211194
1159109
1127010
1130180
1156446
1187883
1196905
1155232
1075138
1029530
1057007
1119243
1154957
1100502
1013277
970726.8
1020167
1083520
1089376
1033190
981937
968331
1001953
1022664
989376.5
952112.3
951204.8
956212.8
944155
923450.5
898306.3
895176
908011.8
903433.3
884556
877963.8
868436.3
864120.8
863823.3
855359.3
843976.5
841103
834401.3
824409.8
815334.3
820297
815486
804084.5
796737.8
790463.8
788624.8
795480.8
785263.3
765793
751748.8
736153.5
727451.8
727173.3
724146.8
728852.8
730654.8
710712.8
692439.5
675743.8
677361.3
701441.3
702805.5
680541
647656.5
634301.5
648697
674662
684977.3
663058.5
626268
603021.5
610169.8
636028.8
645875.8
631384
600141.3
581778.3
590359
613719.8
616242
609293.8
590781.8
576718.8
570428.8
568072.3
563880
553993
550056
546060.5
538416.5
529813.8
521820.3
510347.8
505477.3
511552.5
513533.5
508526
502767.3
494829.8
482726.8
476297.5
468509.8
467443.8
476537
474289.8
452254.8
442691.8
436733.8
440079.3
446929.8
444551.8
433768.8
420002.3
414978.8
416122
420442.3
416343.8
410027.8
398091.3
391355.8
384571.8
371922.8
370325.8
369653.5
370708.3
363565.5
357380.8
321400.8
322711.8
345355.3
344812
339375.8
324123.8
312446.8
312305
323067.8
323775.3
317259.8
299905.3
289973
292447.8
295597
297481.8
286411.5
269608.8
258907.3
258836.8
258723.8
259342
255177.3
249185
239181.5
235585.8
231374
234330.5
234122
233546.5
