374869.5
374042.8
69028.25
48991.75
45055.75
45716
50040
58817.5
61414
63716.75
71207.25
77502.75
79846.75
82498.5
92542
102030.3
104362
105737.8
109329.5
116498.3
120241.3
124671
135520
149078.5
158185.8
159915
170144.3
184491
193973.8
196544.3
205397.3
215124.8
221222
222648.5
230660.5
245361.3
257369
265711.8
278931.3
291357.8
304452.5
324431.8
339072.3
343150.8
359658.5
380433
388083.8
390391.3
402765.5
419059
426711.3
436959.5
452121
471288
500380.3
514334.3
522541.3
547026.8
580219.3
591901.8
600543.5
624904.8
639533.8
648585.3
664115.8
674647.8
685667
704066.3
725536.3
738837.8
765284.8
790875.5
825713.8
859452.8
877974.3
890613.3
922810.8
955795.8
951809.8
955228.8
991131.5
1010639
998410
1019810
1055677
1072747
1101257
1132619
1165240
1209097
1265331
1266327
1257999
1301181
1348001
1325315
1318970
1342747
1377041
1382245
1410610
1429695
1460896
1519409
1538739
1543309
1613751
1687055
1680513
1673172
1726052
1745004
1733860
1736248
1751241
1778700
1831848
1852787
1840979
1887196
1954820
1985046
1988519
2083537
2086538
2149226
2171784
2140246
2133850
2139617
2179621
2167838
2136290
2194119
2241367
2263363
2280312
2360571
2420549
2442136
2497108
2584202
2592168
2536281
2502618
2486338
2473097
2466357
2470069
2516355
2552376
2558326
2593048
2630875
2650817
2710097
2791719
2802364
2780282
2815141
2861528
2788456
2730421
2770823
2761163
2670181
2670355
2766993
2789014
2795965
2878037
2924360
2916667
3005293
3092935
3058835
3004369
3028135
2996200
2887921
2876595
2937855
2890587
2823771
2886588
2963006
2936090
2976273
3109941
3143685
3099041
3124069
3150481
3085583
3041229
3038238
2970628
2867292
2857345
2890634
2844979
2824624
2909086
2977471
2963647
3003234
3113237
3164893
3110967
3069197
3064604
3022442
2958381
2958725
2938836
2850587
2796037
2855387
2900542
2881584
2896860
3019567
3093285
3064745
3043904
3133046
3158639
3067340
2984551
3025576
3009581
2884393
2816768
2888969
2902154
2859570
2828752
2922759
3014640
3030646
3026447
3077627
3155406
3159004
3078185
2961827
2948502
2965570
2891415
2773304
2769251
2811047
2795731
2742474
2778638
2866774
2900879
2920990
2974421
3030011
3031602
3005613
3010092
2987213
2888935
2828816
2825579
2786185
2737486
2745510
2778675
2751986
2722422
2815398
2942366
2957193
2955248
3016995
3064971
3019283
2929014
2873705
2862573
2826157
2759807
2715631
2739009
2751446
2723983
2739737
2818199
2912219
2950376
2952261
2972182
2993819
2994771
2944552
2913460
2950706
2956081
2875474
2767834
2725446
2747465
2773800
2768345
2780592
2859859
2950048
2972449
2989610
3077473
3160558
3192666
3139413
3069290
2990420
2940828
2902158
2837135
2799388
2803665
2838131
2817134
2807432
2910382
3050547
3090622
3100636
3143419
3183417
3188279
3123038
3055271
3025281
2989321
2883781
2774387
2766802
2818662
2825604
2810148
2895309
2974717
2962996
2989287
3106266
3223847
3239150
3204649
3189883
3170961
3137387
3081873
3019768
2940114
2912269
2913904
2882945
2846170
2941158
3106270
3116303
3081657
3178862
3356230
3388360
3270376
3272985
3384461
3363414
3164539
3018828
3048593
3091975
3005525
2921470
2955990
2995136
3013520
3087608
3195291
3288130
3373563
3457409
3445583
3388401
3372690
3421026
3350356
3189275
3110631
3126575
3068352
2956743
2972742
3106136
3178293
3136223
3177719
3362789
3526180
3533049
3493053
3592843
3666507
3554475
3395109
3350452
3355051
3311424
3222011
3164642
3148214
3159305
3196383
3263764
3384820
3522961
3609650
3641972
3679202
3687718
3656253
3609043
3604445
3556215
3450341
3402471
3375217
3280956
3154185
3124597
3216297
3322397
3407706
3474336
3547792
3665761
3756028
3811550
3820117
3846275
3852607
3793072
3712066
3651825
3594527
3431506
3312702
3338688
3444246
3447359
3445610
3540562
3706640
3842421
3865877
3905949
4020957
4108594
4079959
3944000
3782734
3748730
3742546
3640242
3468232
3382773
3445883
3564501
3591838
3512723
3527047
3749925
3943341
4001833
3985384
4092556
4231412
4200649
4051127
3958509
3968084
3867176
3678430
3565913
3604599
3615545
3549517
3534683
3637495
3806984
3924730
3989511
4067400
4213852
4309775
4262565
4174389
4155579
4140767
4004924
3859676
3796951
3727239
3602085
3583323
3679190
3747563
3775764
3877028
4042581
4128168
4182816
4334290
4567272
4580905
4334557
4165861
4264751
4374658
4180650
3874016
3786587
3873345
3873197
3704030
3619255
3826524
4159743
4240327
4112028
4117154
4369577
4605301
4572803
4414712
4353268
4368336
4304305
4156410
3981633
3832738
3715100
3725996
3807272
3835130
3821362
3905028
4089275
4280849
4384108
4426263
4515384
4627811
4693694
4665193
4512513
4376113
4353619
4330473
4154752
3899607
3823190
3896491
3966915
3961514
3991989
4126989
4327018
4407318
4400298
4425052
4545974
4704201
4679405
4463102
4303615
4297700
4278111
4077608
3842851
3762128
3848716
3867642
3790907
3802640
3982830
4251142
4400718
4423165
4471089
4579980
4671813
4698807
4709354
4636474
4489135
4310184
4147817
4033406
3917749
3900627
3905144
3903828
3933004
4048729
4174984
4285379
4408168
4544279
4639183
4711098
4728486
4659108
4515943
4360503
4296534
4240977
4104727
3895495
3720112
3623780
3642761
3718929
3788612
3854319
4005662
4209384
4292447
4225131
4321377
4651688
4877770
4735295
4338677
4144477
4263913
4368931
4170562
3794351
3601197
3690507
3807562
3782303
3740608
3893772
4163603
4327554
4312342
4317709
4441996
4597068
4718134
4668320
4450172
4194128
4040326
4009276
3970276
3841290
3657805
3543391
3598109
3727343
3812912
3871120
3938094
4080959
4286574
4465101
4536151
4490973
4343641
4278165
4340813
4385651
4225098
3868869
3588227
3532005
3641859
3669186
3530838
3432563
3540519
3820823
4117704
4185100
4063894
4043155
4253326
4525340
4563302
4332445
4079000
4031495
4054424
3922517
3671456
3499452
3492677
3557338
3534572
3437739
3481387
3705791
3916173
3936286
3889319
3987520
4183168
4325275
4241199
4022685
3818792
3760009
3757376
3710541
3547798
3317743
3154309
3159604
3255660
3330710
3300275
3341141
3549658
3778046
3853461
3812076
3854289
3991457
4083301
4032851
3868627
3690354
3569140
3500234
3441046
3294049
3134122
3039929
3030643
3080830
3150109
3235379
3319037
3371158
3412751
3449989
3554804
3717997
3780666
3629898
3383573
3275810
3280148
3174707
2917567
2739201
2696457
2737433
2721946
2625402
2607761
2734491
2987048
3170054
3173201
3165367
3207455
3269494
3313147
3290972
3206797
3061682
2926424
2829280
2779567
2699789
2542626
2446531
2387156
2338382
2357044
2487915
2676837
2805579
2811512
2752779
2731311
2814482
2998939
3116132
3003546
2666543
2427378
2407911
2438927
2365270
2177918
2054024
2063359
2115425
2138818
2102553
2078620
2174967
2396632
2602945
2654061
2565116
2448641
2470073
2586700
2622268
2461309
2196948
2016106
1958709
1948282
1922935
1839364
1752471
1710508
1771802
1929772
2070039
2100179
2050054
2037263
2099051
2211885
2280217
2257320
2129615
1975876
1866011
1841568
1811513
1725357
1590189
1506719
1487646
1518164
1543242
1565777
1615149
1682056
1756275
1810388
1844765
1877666
1892258
1879519
1844986
1800561
1744822
1626658
1501918
1394836
1342954
1300815
1265713
1266683
1301978
1330549
1351511
1361401
1397838
1473154
1572329
1681958
1726735
1663157
1558844
1486494
1472368
1477040
1423037
1297980
1179850
1128542
1126299
1129510
1103935
1062101
1058207
1128837
1254774
1365152
1427169
1417256
1360758
1322327
1346648
1401216
1407328
1315007
1168948
1041774
972399
961566.3
967592.8
947611.3
889270.8
848054
868525.8
958747.8
1084623
1172211
1166923
1111598
1095340
1158644
1264337
1295324
1212030
1079862
969573.5
928068.8
919489.8
878244.8
817255.8
742649.5
709356.8
725078.5
785207.3
843182.3
873392
858614
849608.3
885338.5
965745
1029461
1021928
952311.3
875343
844587.8
839041.3
823391
769321.3
682977.3
623408.3
591987.8
612255
637059.8
651423.3
633650.3
637653
682819.3
755325.8
821481.8
833125.8
805859
786421.5
771162.3
778693.8
780487.3
725851
638769.3
572333.8
540022.5
532834
534807.8
510515.3
464559.3
436638.8
452406.3
504769.5
563118
586344.8
575304.5
571300.5
593143.8
626285.5
634280.5
620801.5
593663
569050.3
535012.3
492179.3
450510.3
424357.3
401824
375071.8
358550.3
349536.3
360291.5
378930.8
411811.8
409201.5
430450.8
467618.3
457401.8
452518
454789.5
464699.8
470624.5
457625
416916
367169.8
331997.8
307035.3
296425.8
285529
271584.8
256371.8
253279.3
260754.3
281152.8
303886.5
314433.8
314201.3
308516.5
317337.8
337802.5
349859
346545.8
322225.3
294795.3
