396765.5
397842.8
70456.25
50895.75
49339.75
50000
54800
61673.5
66650
68952.75
75491.25
81786.75
83654.75
83450.5
90162
100126.3
104362
106689.8
110757.5
119354.3
123573.3
127051
141232
155742.5
161517.8
164675
174904.3
191155
202541.8
206064.3
208729.3
218932.8
224554
224552.5
231612.5
248693.3
261653
270947.8
283215.3
297545.8
314448.5
332999.8
346688.3
351242.8
371082.5
396141
400459.8
403719.3
413237.5
424295
435279.3
448859.5
458309
479380
504188.3
515286.3
533489.3
559402.8
594975.3
602373.8
614823.5
642992.8
670473.8
683333.3
693627.8
694639.8
709943
726914.3
737912.3
744549.8
769092.8
795159.5
829521.8
857548.8
890350.3
912509.3
953750.8
990543.8
987509.8
1006637
1055868
1056335
1040774
1067886
1088521
1087503
1095069
1121671
1168572
1204813
1260571
1281083
1284179
1346401
1412261
1410519
1417026
1426523
1459389
1474589
1477250
1465871
1468988
1505129
1512083
1524745
1608515
1694195
1687653
1709348
1794596
1850676
1864760
1857152
1878333
1912932
1939424
1917523
1884295
1905284
1958628
1937446
1919499
2068305
2102246
2165410
2234616
2237826
2270938
2322877
2376685
2343006
2304318
2331207
2342279
2312391
2280312
2330107
2347245
2344080
2426184
2561830
2615492
2615773
2642086
2663410
2671589
2733869
2756621
2751499
2724212
2676374
2642076
2611835
2576561
2614897
2680335
2667656
2689842
2826565
2945304
2961720
2965565
3005015
3022487
3011473
2975947
2971673
2913250
2844041
2848525
2839156
2791479
2845357
2909199
2919843
2966765
3088587
3166132
3145913
3188851
3274863
3247111
3160779
3175996
3145790
3003682
2942953
2974281
2942813
2903881
2933193
2967697
2977531
3060745
3170566
3219576
3221436
3214345
3224310
3192459
3151160
3135186
3074575
2940323
2876618
2923789
2944029
2887723
2885937
2932752
2981030
3029781
3141509
3249664
3253759
3160653
3163359
3218034
3171468
3057272
3063835
3012365
2868633
2814472
2931698
2961099
2893600
2900775
3062228
3158569
3146669
3179004
3283573
3270102
3206574
3141484
3142195
3107460
2989710
2874127
2850575
2916454
2938140
2891593
2832355
2918990
3052202
3089907
3113168
3190987
3217551
3161775
3089954
3062810
3038134
2946099
2831978
2776881
2782015
2778846
2774753
2817312
2881065
2914639
2965428
3089283
3193641
3217294
3174862
3164235
3112318
2994218
2968194
2977114
2844381
2717248
2758527
2848391
2811747
2761938
2821345
2944445
3030837
3069683
3125943
3206441
3204122
3120015
3071509
3074287
3055495
2947996
2850873
2770834
2719643
2755819
2781760
2794936
2934522
3059849
3073014
3113886
3239526
3272017
3212196
3182941
3145208
3110235
3065716
2947221
2819202
2809961
2868770
2942290
2966625
2956954
2983280
3081724
3173002
3271247
3392008
3392477
3321271
3269810
3216316
3175990
3166691
3044926
2885484
2844491
2884965
2894587
2880754
2920563
3030517
3157825
3200797
3199455
3313250
3431750
3387284
3293288
3313713
3257461
3074380
2962155
2931098
2923967
2930226
2929045
2937127
3008645
3125011
3239905
3355348
3429918
3495369
3537464
3498413
3396902
3405734
3443278
3271479
3060237
3007026
3051114
3038976
2946696
2985481
3179305
3328666
3304959
3333940
3529829
3679835
3625277
3585490
3621914
3531588
3373376
3281340
3204811
3147710
3116999
3094221
3032891
3049013
3144686
3307262
3426992
3454883
3542363
3739663
3802820
3685023
3660562
3751116
3695229
3434199
3286247
3294245
3274852
3186997
3116061
3188243
3302843
3344559
3379877
3538948
3760603
3891668
3909355
3926242
3955034
3914717
3782339
3663128
3611872
3547237
3421154
3322576
3284122
3238374
3223569
3321063
3494965
3641895
3747365
3862287
3958793
4044936
4048113
3953313
3864133
3850757
3814210
3644268
3481152
3428237
3343336
3285570
3321745
3456907
3591759
3707868
3858674
4012157
4167155
4210242
4213294
4239280
4276770
4170879
4001102
3891374
3809456
3708665
3560285
3461365
3474509
3591182
3691067
3713616
3735134
3936274
4168090
4285698
4297424
4320493
4393123
4463665
4383426
4077259
3819787
3815137
3804825
3645785
3498912
3571336
3711144
3740357
3776951
3929949
4212748
4412672
4452882
4430805
4576591
4720817
4615281
4340075
4187275
4152560
4017550
3837667
3750384
3748324
3697639
3658045
3740753
3919959
4119823
4256728
4390892
4501907
4565951
4615965
4730959
4790174
4651487
4429312
4297812
4222033
4020116
3824388
3820686
3950852
3962581
3851417
3880261
4190971
4578862
4692350
4558980
4642911
4986709
5180293
4867374
4493667
4571464
4756647
4522119
4077756
3872014
3861685
3865597
3848807
3907296
4024828
4207448
4409025
4547682
4620901
4760462
4904148
4972640
4940628
4864242
4750038
4600940
4488639
4387473
4176572
3919323
3873736
4002823
4112498
4139689
4168365
4324705
4613515
4902149
5064864
5072947
5062694
5104579
5158819
5093918
4895437
4688669
4563590
4326398
4016166
3831004
3908134
4068741
4073457
3980914
4097031
4390044
4667479
4820168
4896715
4952604
5015868
5030034
4966151
4853648
4744906
4690014
4516386
4213725
3988901
3957848
3996369
4010987
4081034
4205218
4355379
4495824
4658089
4854982
5010645
5155839
5229376
5209972
5122052
5022149
4868040
4639523
4407216
4267247
4178891
4081350
3961174
3911788
3962355
4077759
4266070
4484689
4650223
4706123
4755412
4881372
5018877
5012697
4874844
4746819
4664446
4539252
4274835
3943815
3794921
3934356
4084754
4005587
3790801
3813181
4196797
4614071
4756994
4682091
4742169
4999507
5179394
5099395
4898716
4851008
4865703
4708354
4324242
4027349
3949336
3950184
3953678
3903388
3836608
3829036
3976542
4267268
4543380
4672386
4677397
4704831
4855701
5000167
4984348
4822168
4591642
4462235
4383678
4251853
4032543
3835997
3663913
3607481
3712969
3935831
4081822
4050701
4042331
4245053
4604807
4864422
4839838
4673971
4625799
4746643
4850268
4654436
4195746
3898927
3912510
4032204
3924510
3635581
3481144
3631179
3885444
4024857
4080816
4183940
4347573
4513146
4618900
4665819
4700899
4739663
4689673
4442274
4123035
3949440
3944216
3950187
3737591
3414357
3234740
3315425
3498908
3666749
3742006
3749475
3798337
4017832
4306192
4472634
4400787
4302661
4369330
4413982
4228073
3882524
3714821
3727277
3707737
3520199
3281243
3171514
3214996
3350294
3508162
3579173
3596794
3670629
3842223
4015218
4072121
4062191
4063501
4024230
3910171
3742729
3637152
3575197
3421762
3155802
2924233
2845030
2890780
2871971
2768579
2777757
2946833
3180589
3280294
3224686
3258453
3449919
3718184
3827886
3677285
3494759
3400235
3351842
3252695
3071060
2898349
2753234
2651296
2577476
2590119
2634101
2602126
2621223
2721784
2828662
2893496
2946303
3117613
3323943
3383188
3215451
3032143
3039154
3137931
3052824
2769830
2488519
2418334
2416003
2312787
2171538
2066058
2066876
2167603
2299637
2430130
2470501
2451804
2509595
2715076
2929957
2958225
2802164
2633805
2631437
2728548
2714612
2484633
2183144
2001826
1966801
1988266
1959587
1867924
1797691
1783812
1841298
1972136
2116211
2202043
2207134
2195771
2237567
2349925
2439201
2406784
2275271
2146284
2073547
2044820
1953361
1816273
1681105
1599539
1558570
1546724
1542766
1549593
1548985
1568768
1632515
1752792
1845717
1901466
1934622
1972815
2010634
1996197
1958070
1903690
1877482
1808004
1677582
1514539
1400421
1359979
1335774
1281045
1230607
1210033
1225526
1267046
1332901
1428726
1533003
1568433
1555512
1571222
1662768
1795484
1824781
1693060
1532090
1482686
1504243
1491270
1364307
1196333
1082007
1060293
1075798
1063844
1041133
1025508
1027558
1057195
1130068
1239376
1353064
1394975
1357444
1299766
1311787
1389490
1468821
1441223
1297679
1151266
1081298
1078700
1088431
1047499
942250.5
835041.5
784511.8
800216
865448.5
917855.5
920717.8
904693.8
911501.5
979952.8
1094182
1170509
1180920
1121546
1083493
1095883
1146967
1168766
1111868
986658
871504.3
812986.5
804857
796220.5
750132.3
668615.3
605927
595163.8
629125.3
678211
705537.3
701541.3
725748.3
777627.8
857871
915995.8
935119.3
906398.3
898501
914631.3
930969.8
935245.8
884057.8
803479
735489.5
682626.3
655409.8
647207.3
606375
538809.3
484273.8
470050.5
493802
530523.8
532887.3
508827.3
502326.8
550462.3
621865.5
669742
676308.8
653368.5
645080.5
662639.8
686261.5
690924.5
669829.5
628411
575238.3
528824.3
495987.3
478594.3
462437.3
430860
386971.8
354266.3
341920.3
346011.5
359890.8
372779.8
363981.5
383802.8
430490.3
433601.8
438714
453837.5
484691.8
510132.5
515697
485460
451421.8
435289.8
428891.3
420661.8
395961
351552.8
313967.8
285171.3
267894.3
255448.8
246766.5
236845.8
229473.3
220932.5
221661.8
233558.5
256087
279905.8
292237.3
290987.3
