26175.5
25927
16284
14058
13382
14518.5
14954
15783
16618.5
17360
18697.5
19776
20725.5
21249
22563.5
22762
24462.5
25768
26940.5
28138
29326
30759.5
31730.5
33220.5
35081
36071.5
37236.5
38799
40699
41753.5
43671.5
45194.5
46882
48562
50817.5
52046
54695
56001
57716.5
59831
62175
64223.5
66776.5
68623
70855
73156
75946.5
77746
80428
83608.5
85487.5
88360.5
91348.5
93889
96189
99590
102271
105361.5
108665.5
111218.5
114509
117540
120399
124095
126698
130392.5
134599.5
137104
141727.5
144458.5
148091.5
152232.5
155465.5
158770
161977
167431.5
170610.5
174399
178626.5
182722.5
187105
191034
195429
200329.5
204658.5
208444.5
212027
217615.5
222004.5
226067.5
230355.5
235284
240225
244878
250159
254494.5
260291.5
265016.5
270037.5
275917
281131.5
286269
291047
296144.5
302305
307060.5
313115.5
317918.5
323099
326817.5
333895
337754
342942.5
347291.5
354677.5
359448
363912.5
370732.5
375019
380674
385048.5
389143
395087.5
399338
403468.5
409130.5
414295.5
418022
423051
427445.5
432629
437636.5
442371
447430.5
450398.5
455303.5
460746.5
463652.5
467265
470812.5
474843
478564
484428.5
487393.5
491023.5
494900
500722.5
504704
510034
512770.5
517287
520805.5
525169.5
528762.5
533406
535232
540832.5
543659
547678
551632.5
555091.5
557524
561724
565948.5
569643.5
573453
577477.5
578968.5
580826.5
586330.5
588748.5
590821.5
592564
596745
599650.5
602974.5
608052
609321
611282.5
609900
607382.5
601174
602106.5
606676.5
611980
618309
625553
631499
632185
634065.5
632501
634624.5
634130
633938
636419
637182
638898.5
637349
639130.5
639153.5
639428.5
639618
639508.5
640049
637910
639977
639039
640356.5
637685.5
637923.5
636459.5
637577.5
637758.5
637691
639068
639429
638290
637912.5
638141
638134
639152
636657.5
636090
637012
635158
637311
635531
637626
636192
636995
635464.5
632742.5
633731
630306.5
630042
630374
628688.5
628155.5
626050.5
629067.5
626258
625177
624690
622592.5
622757.5
620598.5
619963.5
617589
616313
618769
615260
615742.5
612892
613077.5
610031
610962.5
608948.5
607252.5
606168
605090
603482.5
602054
600648
600255
599279
597083
596262.5
595533.5
593640
592307.5
590329.5
590121
588898.5
586586.5
587715.5
586151.5
584507
585909
584015.5
582097
581076.5
580317
581691
581159.5
581169
582950
580889
581098.5
578660.5
578650.5
579837.5
578582.5
578203
580898.5
579495
579541.5
580604.5
578972
580988.5
580804
579957
580658
581566.5
582263
583877
582989.5
583249.5
586363
583329
585728
586127
587158.5
590771.5
591057.5
591567.5
592525.5
593085.5
593864.5
596122.5
596552
599684
599111
600493.5
602468.5
601105
604327.5
605544.5
605622.5
606682
607244.5
607633.5
609751.5
609254
610566
613145.5
612367
611317.5
612262
611411
613165.5
613060.5
613947.5
613673
612421
613878.5
614270
613696.5
616764
617032.5
617497.5
617646
616866.5
620625
622462.5
623500
628516
630430
630456.5
632779.5
635477.5
637225
639579.5
643960
645583.5
648401
650620.5
651935.5
654321
656647
657472.5
663884
664487.5
666100.5
670287.5
670216
674485
679348.5
679678
685814
687293.5
688800.5
693035.5
695439.5
699542
705067
710256
714045.5
717728
718390
721952
725801.5
728137
734156.5
737314.5
740030
744481.5
747503.5
754341.5
761195.5
767292
769735
775868.5
777655.5
783124
784023
788021
794528
797505
801193
805654
807544
809984
811803
813851.5
819628
818853.5
822739.5
825131.5
820165.5
821531.5
825623.5
830839.5
840127.5
847065.5
849416.5
854287.5
856400.5
857676.5
859779
863059.5
865630
872059.5
871228.5
874029
877411
878312.5
881820
882950.5
884336.5
888324.5
892167.5
892367
894846
896537
896027
901503.5
904313
905486.5
911939
911674.5
913413
916919
917391
920162
924081.5
926841.5
928225
931910
932437
933497
935545
938346
939653.5
946152.5
948992
946025
951836
952329.5
949448
954794
957288
959001
963927
966160.5
966498.5
970463.5
974318
974065.5
975913
978504.5
977676.5
980995
983931
986336.5
985113
985660.5
985094
983139
985309.5
987217.5
987082
990133.5
993864.5
991988.5
990065
992349.5
993385
991660.5
993325
992983
994483
993673
995002
990679.5
990647.5
992634
992982.5
989235.5
988951
987810
983048
981837.5
981052.5
979535.5
976051.5
977470.5
975556.5
975519.5
970924
970232.5
965944.5
963671
961717
957756
960232.5
960483.5
956973
953576
954521.5
952123.5
947522
946147
944032.5
942129.5
936693
936695.5
931898
926709
925518.5
920521
918082
920351.5
919638
918802.5
918061
919577
911854
913827.5
912175
912522
907839
907544
905638.5
900793
900136.5
898210.5
895116
891480
890315
886922.5
883464
881043
876082.5
873291.5
873003
867461
861486
858608
856257
852282
851157.5
848895
841914.5
840887.5
840904
835806.5
833954
833267
828296
825587
825687
825209
822615
819935.5
819515
816323
814951
815083.5
815093.5
811685.5
811625
808030.5
805148.5
805696
803472.5
798817
795287
793166
789378
788973
789532
790727
786580.5
787224.5
788711.5
784857
784136
786437.5
781738.5
780490
778580
778430
777433
778327.5
779525.5
776205
775448
774613
773448.5
771783
773545
774226.5
772663.5
773502
777672.5
774199.5
769762.5
767024.5
765178
761528
762703.5
764505
763985
763053
764226.5
763834
761273.5
759719
759456
755298
753357.5
755571.5
753624
748256.5
747252
745663
739417.5
736366.5
735184.5
730503
725506
722667
720757
715700
714152
713420.5
709897.5
705943
705626.5
702145
696170.5
697206.5
694446
690808
690879
691683.5
689877
688137
688208
686302
681253.5
680818.5
678468
674550.5
674541.5
675047
673887.5
672814
676326.5
672903
669054.5
671318.5
670467
665732
665868
666651.5
663168
661183
659865.5
657575.5
652972
653549.5
651770
647876.5
647649
642520
638284
638360
635867
631355
629914.5
628994.5
622836.5
620854
621656
616825.5
615779.5
614368
609332
608487.5
608223.5
605175
601615.5
602694
602628
598608.5
597776
598128
594955
594009.5
592084.5
589636.5
588506
589230
584241
580115
580996
577853
571957
569046.5
566137.5
562018
558892.5
557673
552792
548844
548577.5
545785
542603.5
540647
537537.5
533147.5
533516
530229
526821
523039
521970.5
517931.5
513865
512218
510470
505817
503112.5
502344.5
498454.5
494566.5
493066.5
489942.5
485024
480531
478163.5
473256.5
468289
465028.5
461635.5
457883.5
454370
452711
446044.5
440182
437524.5
432407.5
426003
423635
421891.5
415599.5
410455
408991.5
404862.5
399339.5
395728.5
392866
386624
380607
377756.5
373611
368616.5
366823
361995
356591
353262.5
351829
347501.5
342726.5
340929.5
337477
334025
332081
330132.5
325665.5
323161.5
321958
319525.5
316118.5
312816.5
311652
307749
306088.5
304958.5
300291
297260
296521.5
294442.5
290542.5
288051
286660
282183
280116
277686.5
275944
272218
269237.5
267512
264567.5
261490.5
260327.5
257710.5
254149.5
252805
250507.5
246509
243536
241303.5
238696.5
235620
234025.5
232632.5
229893.5
228378
226953
224528
221778.5
220171
220182
217473.5
215571.5
214145.5
212159.5
209421
209224.5
208190.5
205118
203646
202773
201104.5
199837
198396.5
196621
195118.5
192934.5
192321
190982
188273
186794.5
185915.5
184599
182914.5
180937
180113
179406.5
177048.5
176479
175761
173295
171696.5
171693.5
170394.5
168609.5
166467.5
165337
164039
161368
160327.5
159871.5
158712.5
157239
155664
154652.5
153930
151332.5
150157
149803
148834
146454.5
145494.5
145326
142688
141972.5
140575.5
140042.5
138744.5
137642.5
136086.5
136370.5
134945
133457.5
131972.5
131313
130277
128966.5
128067.5
127475
126300
125236
123477
122512.5
120834.5
120521
119109.5
118220
117703
116390
115089.5
113397
112462
111334
109700
108885
107699
106401
104879
103684
103015
101920
101096
100098
98898.5
97497.5
96775
96055.5
95490
94924
94113.5
93848
92614.5
92168.5
91221.5
90023
89060
88419.5
87718.5
86694
85291
84449.5
83732
82547
81576.5
79313
78784.5
78314.5
77353.5
76504
75538.5
74197.5
73639.5
72456
71193.5
70467.5
69901.5
68326.5
68695.5
66855
65685
64684
63240.5
63489.5
62364.5
61234.5
61397
59410
59061.5
58392
57111.5
56753
55335
55201
53891
52678.5
52084.5
50962.5
50177
49361.5
48120.5
47464.5
46162
44876
43466.5
42874
42665.5
42002.5
41950.5
41461
41214
40297
39511.5
39443
38565.5
37454
37336
35441.5
35687.5
35129
34085.5
33500.5
32238.5
31754
31232.5
30221
29279
28539.5
28132.5
26447
25833
25266.5
