55431.5
55342
25983
21531
21491
22468.5
23858
25005
25999.5
26900
28078.5
29793
31537.5
32061
33057.5
35164
36387.5
37693
38229.5
40858
42364
44115.5
46040.5
47371.5
48914
51335.5
53295.5
54858
57235
58607.5
61161.5
63161.5
65167
67165
69261.5
72398
75524
77466
79340.5
81614
85071
88073.5
91103.5
93109
95659
99709
103294.5
105571
107935
111910.5
115379.5
120001.5
123307.5
126166
128943
133457
138205
141931.5
145235.5
148424.5
152828
158244
162375
165594
169469
174753.5
179755.5
184486
188950.5
193112.5
197381.5
202953.5
208571.5
212194
215401
221491.5
226896.5
232752
238092.5
242824.5
246412
253044
260301
265837.5
269848.5
275224.5
280556
287893.5
294826.5
298094.5
302859.5
309378
317022
325332
329977
334789.5
340745.5
348650.5
356851.5
363367
369217.5
373878
382313
392180.5
398818
404368.5
408674.5
415862.5
423269
432075.5
440584
443330
449154.5
455411.5
465500.5
472974
477120.5
482986.5
489022
499288
507955.5
513163
516881.5
521450
529078.5
539033.5
545629.5
549197
554226
558620.5
568415
576761.5
582450
585601.5
588728.5
596336.5
604959.5
612635.5
614022
616933.5
621918
628501
637545.5
643372.5
646048.5
648017
653998.5
662273
670783
677494.5
678195
680759.5
686713.5
696189.5
701151
706634
709054.5
711404
717649
724465.5
730786.5
733537
737578
740212.5
745815.5
754872
760963.5
760864.5
763199.5
768067.5
772711.5
779554.5
782410
787545
787747.5
793774.5
799806
805527
806852.5
805629
803111.5
791974
793383.5
800815.5
812638
817059
826370
830726
832366
836949.5
839996
838621.5
832880
834119
836282
842133
840510.5
841982
839947.5
837744.5
839609.5
842184
843346.5
839912
839840
837455
837312
839742.5
840410.5
840330.5
834573.5
833624.5
833169.5
838031
838931
842631
838153
832687.5
832439
835771
839651
836520.5
836271
833218
828979
830178
836666
841941
835896
834950
830398.5
832128.5
832481
832872.5
834675
828806
825848.5
826110.5
826072.5
830520.5
828347
826630
823440
820070.5
819917.5
823005.5
824119.5
818883
815858
816088
812261
815287.5
817366
818505.5
811643
810348.5
806585.5
807115.5
810642
809723
807161.5
806051
800988
800118
799301
802034
804870.5
799689.5
797478
794237.5
791146.5
791256
792895.5
793604.5
794892.5
788399.5
784847
785772
788012.5
789751
787776.5
786222
785052
782612.5
785325
786152
786635
789706.5
783929.5
780103.5
780018.5
782420.5
788878
789506.5
784764
781948.5
779990.5
779948
784508.5
787186
791745
790856
785563.5
784829
784694
788735.5
795991.5
796402
794640
792746
791396
794653.5
799220.5
802845.5
808443.5
808447.5
804873.5
805175.5
806797.5
811361
819740
818054
821185.5
822047.5
818458
819454.5
818445.5
825996.5
829759
829367.5
826735.5
826150.5
823904
828237
830021.5
833377
835507.5
833113
828446
826861.5
826279.5
832254.5
832616
833431
834093.5
829874
825166.5
826485
827707.5
836281.5
841041
839307.5
837342
834250.5
834175
841099
848896
854964.5
860149.5
859031.5
854737
853116.5
854635
863890.5
876884
881170.5
881690.5
880419
872251
873712.5
879965
889472.5
901261.5
904971.5
903787
900106
897019.5
900688
913661
921023.5
928890.5
933125.5
929010.5
928661
927508
937149
952545.5
963383
968497
969992
967640.5
965206
969476.5
973111.5
987116
999676.5
1004448
1007470
1008282
1009608
1014754
1022637
1035395
1049608
1049076
1048940
1046225
1046340
1051936
1060372
1072438
1082669
1082580
1081290
1074664
1067371
1076345
1080963
1086650
1093104
1094652
1096529
1097867
1099240
1107156
1119818
1130358
1139425
1139301
1137017
1129252
1127414
1131830
1145283
1158682
1164354
1167702
1161201
1153047
1150039
1151179
1161395
1177548
1184963
1183976
1183411
1177952
1174356
1178264
1181180
1194366
1203596
1205340
1205885
1199629
1195552
1195822
1203482
1207825
1217153
1223335
1225977
1223628
1221382
1217702
1220618
1228973
1233124
1237874
1244492
1245237
1245360
1244880
1242821
1246021
1255869
1262903
1266467
1270699
1269157
1266103
1270057
1269018
1268403
1273857
1279811
1280834
1278720
1279142
1274849
1273759
1278719
1280701
1279620
1283897
1287295
1287853
1285334
1281115
1275367
1277662
1283212
1285495
1282445
1285752
1283763
1281568
1278934
1275946
1271625
1270838
1276942
1276157
1272573
1268135
1263671
1259531
1263151
1263166
1263111
1263275
1264181
1258570
1248885
1245320
1242709
1240629
1246931
1253442
1253111
1249304
1244590
1231664
1222447
1215897
1214310
1215077
1223244
1226665
1219123
1210642
1205757
1192482
1188785
1191382
1195919
1202029
1212907
1211731
1206036
1192449
1179752
1169261
1169980
1173776
1178528
1186404
1191036
1185260
1171056
1159488
1144824
1139069
1139776
1145688
1147142
1152774
1150691
1140549
1126398
1115416
1105044
1099813
1102761
1106434
1110400
1116497
1114697
1100822
1092230
1082631
1075793
1075107
1077516
1080593
1087100
1092406
1091585
1084281
1075626
1066502
1058456
1055733
1060096
1062484
1066414
1067972
1064579
1057611
1048461
1042978
1035428
1033190
1036696
1041840
1046253
1055231
1058010
1051244
1043953
1034252
1024403
1020226
1021598
1022478
1027107
1039070
1043164
1040410
1037790
1034305
1022585
1014344
1011843
1014424
1016357
1024163
1030170
1029436
1025945
1025372
1018905
1005983
1000122
995412.5
995179
1003590
1013642
1018944
1019715
1020160
1014742
1002618
989300.5
980664
971284
968218.5
976456.5
979885.5
983472
987697
985653
973885
961514
949949
938405.5
930271.5
932995
933950.5
936670
943733.5
949380.5
947256
940597
933672
923664.5
910887
906285
904130
904927
909259.5
918364.5
919194
918138.5
919719.5
914660
903165.5
896686
890499.5
883896
883227.5
891056.5
893385
898349
903891
903561.5
899601
893800
881988.5
873974.5
866668
859931.5
859424
863480.5
865797
862894
866290
868274
861329
854750
845677.5
835694.5
829377.5
826441
821519
822889.5
828203.5
828700
826049
827430.5
826212.5
820779
815629.5
809712
803922
800379.5
797480
796242
796249
800868.5
801646.5
801424.5
800612
797520
790941
784271
777043
770084
765301
760482.5
754234.5
752341
755893.5
753561
749793
749184
747963.5
739765
735311.5
728426
717684.5
713135.5
713186
709899
706491
707638
708795.5
706346.5
705142
702064
695864
691052
682146.5
675495.5
667471.5
664378.5
664309.5
659754.5
656903
657021
657674.5
652449.5
647800
640246.5
632083.5
626264.5
619730
612983
603454.5
600454
599704.5
593156.5
589455
591539
589159.5
582390.5
577087
573874.5
564816.5
557226.5
551389.5
543757
536243
533247
529442.5
524661
522687.5
522643
516702
510980
507174.5
502084
496643.5
491550.5
486255.5
478987
474740
473273
470052.5
465426.5
465466.5
465376
462943.5
459854.5
456234.5
452685
447033
444418.5
440108.5
432738
429230
428173.5
422914.5
418696.5
418590
416086
412563
410496
409020.5
406165
402439
397550.5
392009
386997.5
383920.5
381008.5
375529.5
372604.5
373009
369598.5
364646
363104
359440.5
356356.5
353757
350890.5
347589.5
343737.5
341268
338253
333761
329898.5
327973
327030
323844.5
321783.5
320675.5
318530.5
316905
316072.5
314402.5
310217
309858
307395
302546.5
300166
299202.5
296632
293221.5
290878.5
289947
288290
286535
285851.5
285449.5
283815
282130.5
280471
278057
275442.5
272448.5
271084
268776
265992
263757.5
263436.5
261342.5
260193.5
259005.5
257398
255623
253747
254296.5
252568.5
249660.5
247392
246294
244805.5
240426
237669.5
235540
235345
233581
231360.5
231513.5
229914
228230
227037.5
227548.5
225425.5
223491.5
221753.5
220833.5
219686.5
217307
214865.5
213380.5
212562
210572
208784.5
208680.5
207452
206277
205372
203454
202489.5
200652.5
199226
198609.5
196925
195772
193346
191250.5
190194
188941
186223
184589
183138
181157
178905
178019
176347
175837
174106
172805
171807
170925.5
168888.5
168007
166651.5
165768
165202
164550.5
162218
161143.5
160697.5
158796.5
157280
155999
153768.5
152908.5
151248
149845
149639.5
149081
147260
144858.5
143867
142702.5
141278.5
139681.5
138037
136435.5
135412.5
133264.5
130968
129387.5
127707.5
125551.5
124612.5
123391.5
121551
120858
118744
117459.5
117072.5
116265.5
115135.5
114026
113788
111372.5
109749
109104.5
108110
106692
105922
103340
101491.5
99625.5
98344.5
96128
94517.5
93912.5
92302.5
89251
88124
87350.5
85804
85595.5
83978.5
84085.5
84073
83349
82273
80851.5
79193
77997.5
76250
73906
72488.5
70985.5
69632
68429.5
66890.5
66105.5
64508
64304.5
63611
62510
61770.5
60568.5
58724
57474
55476.5
