67178.75
67397.25
305327.3
250569.3
243648.8
312869.5
375723.5
348851.3
270935.8
279493.3
345940.3
349928.5
320815.8
399196.5
526814
519122.3
379149.8
370595.5
527878.8
608795.5
496427.5
460861.8
595006.3
682881
557182.8
497049.8
668141.3
823895.5
690503.3
523683.3
637727.3
853145.3
798316.8
642637.3
734847.8
950978
882956.8
619098.5
647974.5
898452.3
952906.3
754962.3
758598.8
997817.3
1035749
794221.3
732956.8
952277
1058434
870590.8
797183.3
1053596
1249101
1083145
919439.3
1045286
1214783
1087568
939320.3
1094319
1325198
1284950
1135300
1229033
1430894
1376138
1225172
1344608
1580148
1543526
1353831
1435627
1737978
1755581
1512625
1572987
1923091
2003714
1720807
1676642
2048121
2206698
1961062
1861761
2215507
2474425
2254005
2105479
2479771
2850270
2589805
2171958
2340635
2770933
2718656
2390537
2504118
2984869
3101407
2779167
2708459
3069344
3281432
2989215
2784313
3061170
3332969
3181121
2945082
3102977
3427093
3464222
3275999
3274129
3473774
3516059
3479706
3544378
3817677
4046736
4054336
3932694
3908091
3995606
3992762
4078862
4185068
4296962
4314051
4364443
4322443
4318836
4472828
4802967
5072986
5043655
4741149
4564827
4672931
4693557
4462395
4301031
4516071
4773361
4727807
4500314
4451277
4635963
4727592
4513159
4141136
3906777
3798243
3739493
3719369
3725372
3758298
3808151
3976843
4048926
3916749
3755723
3791394
3919435
3878737
3674553
3620900
3867523
4154626
4145952
3926628
3863470
4027624
4010147
3687394
3446347
3623130
3925401
3962869
3822786
3785728
4044127
4240439
4163275
3935598
3826962
3971371
4010675
3852900
3706330
3877757
4219405
4350540
4238980
4176946
4256380
4291930
3966427
3588469
3490916
3554698
3676272
3618289
3531131
3523370
3723406
3958606
3954616
3824043
3651871
3592928
3475640
3189254
2915901
2776539
3024865
3363443
3646997
3703548
3869775
4113028
4165344
4077671
3859713
3710376
3655307
3680369
3636710
3486739
3534447
3630742
3755573
3882998
4019572
3973663
3676922
3394245
3288347
3320719
3175898
2917444
2846432
3048765
3305247
3235288
2919563
2784312
2964692
3209922
3087585
2696063
2496538
2709132
2985778
2916172
2583648
2471870
2866449
3372393
3425196
2848391
2518345
2945420
3447141
3255064
2404316
2113042
2671618
3204037
2989346
2167643
2051427
2719197
3255356
2885405
1962007
1935737
2718242
3207815
2613331
1679094
1760988
2590876
3046702
2438594
1679544
1990818
2879152
3220988
2444854
1886770
2479713
3350750
3448797
2512500
2001057
2486527
3069428
2973536
2296311
2118429
2580007
2984003
2893699
2556751
2608772
2924067
3076775
2974195
2884505
2914492
2748977
2414542
2364878
2650172
2756394
2449622
2113290
2267461
2786676
2961120
2514485
2111181
2389921
3004793
3068024
2391209
1891707
2106884
2714324
2826025
2223987
1876003
2335469
3124924
3293946
2641947
2303228
2878281
3763296
4001647
3223297
2692265
3131540
3818323
3781985
2891417
2446782
2930236
3650626
3614659
2884030
2809908
3655962
4450990
4292819
3133993
2804417
3548167
4300236
4017225
2767674
2311940
2978464
3773880
3606488
2546239
2058608
2643653
3531716
3566476
2609646
2143631
2741563
3701338
3982303
3102783
2460900
2761958
3514219
3724366
2988778
2477621
2712324
3384394
3732775
3284352
2784535
2802095
3237985
3481375
3077114
2610478
2649853
3094183
3350560
2943346
2429944
2400644
2698998
2839947
2576674
2242484
2312266
2733029
3025666
2802191
2353263
2258043
2641856
3061979
3108385
2759942
2578350
2918458
3478343
3675888
3308223
2924601
3100894
3619232
3867303
3564623
3306633
3550718
4106630
4501834
4302710
3752255
3535021
3875644
4393061
4577122
4225379
3935143
4156066
4658780
4996745
4792667
4217590
4091314
4480983
4907432
5020305
4721446
4508186
4718918
5110984
5402631
5408098
5121642
4915373
5010408
5212617
5399750
5371432
5082452
4909853
4988004
5187504
5321965
5160330
4830759
4723413
4834396
4971388
4997459
4762878
4495062
4486404
4596548
4709944
4721488
4541599
4446796
4563200
4741774
4892676
4856591
4635953
4560594
4642175
4734832
4783721
4621393
4358669
4372146
4555840
4766205
4732049
4339394
4168048
4296903
4435099
4439994
4273949
4076147
4106619
4250465
4297134
4162690
3905461
3837746
4080475
4325976
4307993
4014586
3706664
3721624
4004593
4192825
4108794
3808669
3598890
3753820
4112163
4219260
3901206
3518237
3373341
3527295
3724847
3666608
3418416
3234489
3201952
3312324
3381306
3269761
3145997
3157056
3241900
3270505
3125195
2910774
2867212
2943863
2939060
2803281
2606679
2485055
2581988
2729689
2642559
2434048
2233207
2097449
2150698
2246495
2190488
2039825
1841926
1706441
1735526
1817608
1839215
1782046
1655282
1551519
1589761
1667067
1736035
1771786
1696534
1564538
1548762
1654340
1761972
1824185
1752791
1627796
1607537
1716283
1861193
1933960
1855978
1715826
1692459
1786373
1903539
1948935
1862809
1759821
1724040
1732344
1766576
1794467
1767805
1734234
1755050
1786732
1793015
1769364
1739753
1717173
1740498
1789782
1804171
1777007
1682967
1542566
1504011
1587996
1626633
1631878
1602084
1516500
1502026
1631926
1711176
1681970
1607793
1452506
1341432
1434633
1601081
1662052
1584219
1426277
1329976
1444804
1712291
1918521
1907400
1669159
1408814
1383489
1607523
1904429
2060680
1919217
1621033
1467939
1554339
1771258
1919769
1829131
1522552
1285041
1276921
1421953
1535790
1455602
1241048
1070891
1047176
1135616
1246727
1225160
1066708
929208.8
880227.8
942166.8
1065658
1112614
1042310
929137.8
847704.8
818564.3
855796.3
922678.3
965660.8
973643.8
906401.3
832388.3
811039.3
845447
897351.3
932135.5
963919.5
932024.8
873075.8
836380
861372
919850.5
1000589
1047855
990479.8
905884.3
859183.3
904602.3
1006711
1107593
1121336
1025775
924135.5
910080.3
1017617
1148391
1219675
1129431
955951.8
831377.8
853174.8
977487
1094581
1125421
1014398
847786
748491
796873
933301.3
1060298
1087360
980169.3
820307
724856.8
769934.8
895308.8
1017766
1020127
912760.5
773827.5
753465.8
849355.8
995210.3
1063638
992177.8
832833
759884.5
835808.8
971560.3
1069873
1069370
943670
797998.8
765836
882055.3
999028.8
1026267
963276.5
846909.8
751205.3
783950.5
890616
959677
915337
830766.3
761318.8
726799.8
779253.3
883846.3
939016.8
856832.3
768715.3
736249.3
763456.3
823338.3
890875
892236.8
789168.5
699879
687168.8
720617.3
780420.5
815460.8
799431
711660
642866.5
674873.8
743500.5
807812.5
849215
817105.3
739922.5
676924.8
669304
716939.3
778683.8
814074.3
799815.3
739760.8
685669
672115.8
675598.3
703117.8
743669.5
759589.8
756732
754224.3
752791.8
764019.5
769415
748907.5
733698.3
746759.3
780682.8
830394.8
871613.8
875546.3
822819.3
757394.5
750055.3
800041.3
886470
972889.8
988669.8
914145.3
798090.8
735076.8
764105.8
855171.3
949394.3
982564
909505.5
783259
694853.3
691152.5
764340.8
859445.8
899979.3
845181.8
738679.8
667598.5
666587
713932.8
759615
755387.8
696589.8
613723
558812.5
565557.5
611867.5
649089.8
632787.3
576390.8
523632.8
502752.3
526329.8
563537.8
580891.3
562012.8
509154.3
461586.3
430441.5
440565.8
473512.8
496961.8
486730.5
456847.3
415420.5
393904.8
412318.3
460961.8
496592.3
487946.3
441153.5
389405.8
367851.8
383350
437347.8
486765.3
492286.8
450315.5
385632.8
342929
346993
390987.8
454421.5
487573
476559.3
424138.8
364025.8
333790.8
352240
400155.8
448210.3
463569.8
432160.3
378968.8
344117
343604.3
369988.8
393959
395973.5
381391.3
352321
334527.3
353456.3
386812.3
390750.3
363579.8
332825.3
315879.3
310016.5
327846.8
375956.8
408191.5
392639
335582.3
289317.5
273329.8
290612.8
345956.3
412140.8
431349.8
385896
316481.5
263554
248709.5
280004.8
349612.5
416237.8
421022.5
372941.8
310857.5
259590
245383.3
274119.8
334862.3
381887.8
375573
329532
281121.8
251879.8
262301.3
308272.3
356033.8
366894.3
335119.8
304100.8
279686.3
282018.5
310111.3
348617.8
362642
333523.3
295996.3
275570.8
277116.3
295182.8
312332.8
321520.3
298735.8
270150
243056.5
239630.3
252016.8
275813
283472.3
267730.5
226605.5
201492.8
192649.3
206547.8
223151.8
248621.5
258236.3
237890
189507.5
153324.3
147501.5
159089.8
179662.3
193473
194536
178002.5
145581.3
121790.8
119336.5
131193.3
153991.8
171641.8
167945.3
147559
125328
110856.8
109133
126656
147399.3
160306.8
151455.3
128072
103166.3
89646
89168.75
102209.3
120342.3
131931.5
128660.5
106019.5
79001.25
59984.25
55007.5
64548.5
78115.25
91887.5
96976
94014.75
85226.75
76033.75
71701.75
68897.25
67474.5
69584.5
70409.5
70828.25
69298.5
71010.75
73770
73672
68687.25
58483.25
49221.75
42273
43877.75
52109.75
60664.75
67789.5
65762.75
60434.75
51303.25
41558.75
39569.75
45176.75
51450.75
63108
64613.75
61862.25
52480
41108.75
34565.25
33499
32793
