79078.75
78821.25
316751.3
269609.3
255548.8
303825.5
375723.5
380267.3
308063.8
291869.3
348796.3
378964.5
350803.8
407288.5
536810
567198.3
434841.8
389159.5
533114.8
646399.5
548787.5
486565.8
608334.3
727625
612398.8
523229.8
683373.3
870543.5
759523.3
563667.3
657719.3
891225.3
854484.8
675481.3
768167.8
1013810
957212.8
656226.5
649402.5
918920.3
998602.3
786854.3
773830.8
1035421
1096201
831825.3
745808.8
971793
1095562
908194.8
818127.3
1084536
1308125
1128841
940859.3
1061946
1251911
1109940
945984.3
1107647
1371846
1349210
1176712
1265209
1486110
1441350
1257064
1389352
1673444
1673474
1449031
1499411
1812710
1862205
1583549
1610591
1997823
2151274
1884551
1819442
2222337
2424230
2173358
1993613
2332603
2642929
2449641
2290643
2678739
3127778
2921577
2461366
2565783
2997509
3002352
2659001
2721650
3206209
3380343
3121887
3055463
3369700
3580836
3326223
3127985
3369618
3615713
3474337
3279234
3428561
3697461
3732210
3607771
3634937
3792218
3809751
3789106
3884242
4135169
4293304
4294716
4252090
4229867
4246458
4223622
4343042
4514936
4603506
4562999
4589591
4625655
4651560
4717492
4991463
5293374
5399703
5117665
4870895
4939967
5032945
4866995
4623283
4789771
5074193
5148591
4918718
4810181
4953455
5097920
4941083
4501944
4221889
4114307
4108869
4049237
4028584
4092926
4231791
4428567
4477326
4341817
4173175
4202182
4278815
4221933
4044405
4036448
4268315
4529238
4560548
4403104
4362794
4460784
4434263
4138166
3929011
4089134
4342377
4394125
4286886
4285528
4509655
4669315
4581203
4379230
4286302
4379303
4410991
4284632
4215174
4411829
4700641
4810356
4724976
4735294
4816632
4773642
4395779
4036385
4014516
4058782
4109908
4066681
4079007
4166446
4305554
4496486
4486784
4418091
4323983
4204112
3987816
3642406
3448545
3330603
3504197
3803267
4104433
4288076
4479055
4696604
4677520
4529871
4380933
4239212
4112743
4017853
4011798
3946079
4012351
4067710
4113525
4256658
4440832
4444427
4064862
3702693
3586799
3640591
3493390
3180196
3070628
3270581
3574187
3556112
3238483
3072768
3215544
3487906
3409361
2994515
2735014
2918572
3240438
3199868
2835928
2658462
3056373
3618485
3746496
3150651
2761581
3198176
3746069
3574460
2628512
2258698
2851546
3438705
3222586
2325199
2214695
2960053
3548572
3168149
2171923
2136609
2973378
3501031
2882747
1847122
1889032
2738912
3214254
2616618
1811396
2121242
3046704
3416148
2640490
2041946
2650121
3536866
3665377
2711468
2145285
2625995
3217464
3121096
2408171
2207441
2700911
3118235
3016031
2671943
2764900
3145883
3312871
3156503
3038253
3102512
3006017
2652542
2502442
2726808
2868730
2625742
2282270
2368849
2893776
3151996
2789613
2365841
2576037
3200905
3336012
2711557
2209675
2395340
3013252
3144469
2508635
2098771
2532057
3339600
3540038
2883755
2559792
3167689
4062224
4335799
3504613
2928837
3356212
4062511
4054257
3092289
2560546
3038764
3811514
3841235
3032066
2871788
3739738
4577606
4579371
3360093
2902473
3653839
4466836
4377081
3065650
2467592
3114124
3969992
3934452
2825175
2225684
2816917
3763052
3909196
2898102
2356879
2988607
3983130
4362627
3421227
2628452
2910470
3711283
3985214
3172514
2513797
2734220
3491970
3945547
3478084
2836419
2845887
3396017
3760311
3370806
2749946
2730297
3251263
3648536
3297014
2637956
2483944
2809430
3064143
2880838
2471916
2435074
2868213
3266046
3134915
2677419
2516511
2906512
3417075
3549161
3203098
2935350
3235950
3840103
4134276
3782795
3303973
3399822
3942912
4306175
4092031
3734557
3866306
4398894
4885966
4902470
4369627
4030061
4314516
4858589
5215438
5038387
4645811
4726790
5183332
5599837
5648039
5074866
4717730
5000775
5451500
5754773
5635366
5259314
5295354
5652196
6010007
6210158
6014618
5625565
5645392
5912337
6192766
6296776
5965432
5638609
5731040
6005272
6234933
6160882
5668043
5445029
5606468
5845324
5927087
5604446
5159082
5136144
5372904
5596732
5616844
5350323
5170316
5327656
5594290
5779940
5741951
5465145
5372650
5529915
5703492
5739529
5489141
5116461
5131842
5373132
5598253
5551245
5078622
4849204
5030895
5257627
5286322
5058873
4784435
4811575
5037293
5186302
5064234
4709425
4554602
4806375
5134700
5234289
4928506
4491112
4411348
4692413
4943477
4907522
4557893
4244822
4345964
4707163
4890420
4604734
4157981
3940257
4074695
4310327
4324916
4097668
3878993
3817420
3925888
4026286
3950441
3835721
3842972
3944952
3984981
3817299
3584314
3508860
3565519
3553576
3402089
3170263
3016271
3097972
3250909
3178059
2944320
2691595
2517281
2567674
2691079
2651256
2472033
2218442
2040593
2083958
2204120
2246671
2174270
2011806
1897571
1954853
2065955
2136351
2160202
2064482
1911542
1922422
2066080
2170856
2220217
2145015
2014308
2001665
2117551
2265793
2357600
2299610
2139466
2102295
2188117
2287195
2354487
2297397
2194885
2150060
2145036
2166416
2216203
2210485
2167394
2195826
2236552
2235695
2227752
2218609
2189841
2224114
2276254
2278267
2241107
2123743
1946690
1901471
1987836
2028377
2027434
1987168
1887780
1875686
2023198
2096260
2049918
1955273
1767618
1642740
1758789
1950465
2014768
1918847
1725681
1626048
1786096
2103087
2329309
2297244
1989507
1672518
1656237
1937867
2294273
2466232
2274313
1905681
1747351
1895631
2191566
2374825
2221355
1802440
1516377
1540625
1747061
1900406
1772142
1451916
1238919
1238528
1398368
1566599
1522184
1272340
1057729
1009224
1128283
1310798
1381078
1256034
1066702
967180.8
960888.3
1038104
1135450
1172721
1140720
1035397
955196.3
948603.3
1016331
1076327
1101116
1116240
1082917
1022540
988700
1022736
1085023
1162905
1213027
1152796
1061060
1004839
1048830
1148559
1255153
1263660
1158579
1043612
1025272
1140901
1282623
1360095
1247479
1047820
905157.8
938378.8
1085539
1231669
1251085
1101982
898718
789903
851613
1012793
1167874
1187320
1054425
858863
756748.8
813250.8
967660.8
1106302
1110567
984160.5
824759.5
794877.8
902667.8
1076130
1160266
1085950
897093
805580.5
883884.8
1049624
1173165
1184562
1042678
870826.8
825336
942507.3
1073285
1133843
1077041
950677.8
830221.3
840118.5
936788
1015845
992925
919302.3
856994.8
815335.8
860173.3
943346.3
988996.8
926804.3
851539.3
834305.3
865320.3
922822.3
967511
956972.8
850096.5
756047
756188.8
812485.3
881808.5
908280.8
873211
772112
691894.5
735325.8
831084.5
911580.5
962503
923729.3
827030.5
736424.8
720236
775487.3
853415.8
906894.3
905963.3
834484.8
747549
713527.8
722246.3
761189.8
824589.5
863833.8
865736
848948.3
818003.8
814951.5
826059
824591.5
828898.3
854335.3
893494.8
917502.8
928257.8
916958.3
865183.3
808326.5
814315.3
891433.3
992618
1060950
1049122
960793.3
836170.8
781724.8
840265.8
961319.3
1062206
1069672
966149.5
817531
713417.3
727328.5
830028.8
949409.8
995655.3
926577.8
794371.8
701394.5
694671
759628.8
836251
853919.8
786553.8
682267
598320.5
585073.5
634715.5
688121.8
682291.3
632558.8
578848.8
545592.3
556317.8
589241.8
612783.3
598664.8
558658.3
514898.3
482325.5
481025.8
507308.8
521713.8
510054.5
487787.3
455880.5
441980.8
461346.3
503801.8
527532.3
509842.3
461145.5
415585.8
398315.8
422382
475903.8
520085.3
521322.8
475067.5
406100.8
358161
358417
407171.8
469653.5
505661
499883.3
449842.8
387825.8
349498.8
358428
405391.8
454874.3
473089.8
450724.3
401816.8
364585
358836.3
379508.8
398243
401685.5
393291.3
371361
354995.3
375828.3
412516.3
418358.3
383571.8
348057.3
330159.3
326200.5
354978.8
414036.8
455791.5
438811
367950.3
310261.5
284753.8
305844.8
374992.3
465928.8
498465.8
440636
346945.5
279738
262037.5
297140.8
383408.5
471453.8
485282.5
428633.8
343701.5
279582
256807.3
292207.8
369610.3
432819.8
429837
378560
317773.8
278059.8
278961.3
329692.3
390305.8
409734.3
377959.8
342656.8
312530.3
312006.5
339623.3
383365.8
400246
373031.3
332172.3
308890.8
311864.3
328978.8
347556.8
356744.3
329675.8
292998
264476.5
262954.3
277244.8
307229
318696.3
302478.5
248501.5
210060.8
198361.3
214639.8
238383.8
270041.5
290128.3
271686
217591.5
164748.3
147501.5
162897.8
186802.3
208705
213576
201326.5
169857.3
141782.8
132664.5
141665.3
160655.8
177829.8
176037.3
158983
140084
127040.8
129125
147124
167867.3
176490.8
162879.3
135688
108402.3
96786
101068.8
120773.3
145570.3
156683.5
147224.5
117443.5
85189.25
63792.25
58339.5
69784.5
90015.25
108071.5
112684
102106.8
91890.75
82697.75
78365.75
76989.25
76042.5
79104.5
80405.5
79396.25
75486.5
73866.75
77102
80336
72495.25
64195.25
55409.75
46081
44829.75
52585.75
63044.75
73501.5
72902.75
65670.75
56063.25
44890.75
42901.75
50412.75
56686.75
67868
71753.75
71382.25
63428
50152.75
41229.25
39687
42789
