15770.75
16465.25
23059.25
10665.25
14692.75
16797.5
17771.5
20411.25
21987.75
22929.25
20832.25
21964.5
29027.75
38864.5
44150
45026.25
39285.75
41679.5
49974.75
56635.5
61363.5
66257.75
69026.25
73601
74994.75
72933.75
82185.25
90379.5
90267.25
84335.25
86519.25
97257.25
104784.8
102377.3
104147.8
116550
118024.8
107874.5
106286.5
124476.3
143706.3
143302.3
131230.8
135305.3
154672.8
163997.3
159852.8
163545
176405.8
187054.8
183143.3
189656
222368.8
246812.8
238283.3
235610
251835
258851.8
252928.3
258938.8
291326.3
319621.8
309916
290361
302298
335125.8
342667.8
355479.8
370632.3
378754.3
365654.8
349394.5
358053.8
375657.3
380696.8
389175.3
438447.3
464330.3
438462.8
402389.5
424484.8
446450
445478.3
438520.8
475250.8
524252.8
523744.8
513258.8
562919
627350.3
597268.8
530710
531358.8
593708.8
635203.8
626957.3
642006
712920.5
719502.5
673819.3
663086.5
703624.3
737212.3
700131.3
688960.5
749237.8
802552.8
753045.3
689318
723928.8
814805.3
816709.8
744630.8
760849.3
868625.8
947563.3
954525.8
988734.3
1122565
1213584
1135980
1025762
1071131
1175782
1173414
1127186
1163896
1283406
1305255
1245691
1189887
1277196
1334084
1258671
1176450
1203287
1246833
1191891
1168143
1233989
1356019
1329363
1228815
1219545
1326311
1424402
1342045
1243511
1324192
1538635
1555980
1379693
1281631
1409949
1535957
1446760
1276434
1284399
1513067
1611330
1506285
1405711
1503262
1656531
1622497
1455441
1395600
1517987
1652294
1598400
1440480
1405406
1494828
1512099
1411638
1332907
1394022
1487805
1459109
1372814
1355748
1472299
1495347
1397239
1312838
1315110
1360035
1295095
1203008
1194954
1284509
1333417
1278912
1288732
1405198
1485584
1431170
1301779
1278441
1321784
1286558
1177748
1108341
1163507
1245710
1266770
1210182
1181440
1225083
1267587
1254340
1167992
1107706
1129473
1182415
1210353
1165275
1158945
1186460
1236067
1253696
1203196
1173119
1146037
1125696
1120131
1126629
1190546
1179567
1164443
1157446
1185173
1255002
1255440
1239043
1235994
1246533
1262967
1237267
1199070
1186232
1214704
1234729
1199423
1181824
1197871
1198756
1125428
1045550
1029837
1053863
1050450
1005052
954210
949340.3
971435.5
966282.3
929604.8
887672.8
886688
902026.8
898992.8
881960.3
888165
887915.8
849224
824033.8
842349.8
849265
843061.8
810567
800498.8
828525.3
849175.8
847172.8
796282.8
793813.3
869457.8
902071.3
875455
803730.3
810416.3
914879.8
943733.8
878266.3
824172.3
885546.3
980388.3
1004256
945929.5
905257.8
982693
1057382
1019769
930751.8
905305.3
951426.8
946468.3
886751.8
859267.3
907008.5
936379.3
898171
846899.3
878375.3
958479.8
947714.5
853854.5
781739
826756.8
903867.8
883056.8
787097.8
729817.5
801388.3
872861.8
857877.8
779538
732836.8
804136.3
898612.3
884661.3
797420.5
753908.8
844704.8
953632.3
927985.3
830703.3
777415.5
871251.8
990569.3
965918.8
868311.3
851777.3
962931.8
1086258
1032115
918068.3
918112.8
1032008
1104711
1051309
961053
991444.3
1077515
1085445
985513.3
915013.8
988631.5
1157338
1223235
1158054
1088692
1180762
1368414
1379223
1207621
1072253
1161503
1374264
1403033
1208298
1015316
1049236
1268216
1311692
1129187
932868.3
954328.8
1155524
1219320
1091682
937922.8
967986.5
1161878
1266723
1171651
1028140
1005994
1137551
1241550
1185690
1065329
1017764
1143862
1301843
1307048
1184699
1075167
1148345
1305579
1314486
1189142
1078577
1186851
1394676
1420622
1297540
1196840
1221494
1328171
1360970
1269540
1177958
1195073
1316826
1369907
1282263
1192279
1220996
1351711
1450001
1394774
1254594
1217234
1350623
1534364
1533219
1350469
1251158
1351092
1513007
1530199
1380261
1207370
1181134
1328818
1449566
1388915
1195957
1091520
1181013
1345082
1423643
1359507
1238186
1218728
1330593
1423063
1416330
1346222
1297495
1352664
1475533
1527486
1476542
1394534
1355820
1418987
1495378
1495474
1478653
1468016
1491249
1566998
1552008
1488176
1505025
1530340
1557528
1550141
1495130
1516847
1608469
1648528
1646052
1534559
1398034
1415818
1520448
1594416
1565964
1430424
1351923
1433716
1568684
1633018
1547824
1401783
1399153
1573218
1766659
1835040
1748745
1629733
1637853
1793654
1944028
1933053
1717541
1530994
1583368
1752207
1821859
1721558
1519337
1395315
1463391
1607237
1649146
1533742
1368857
1362546
1530067
1714164
1751873
1614594
1408536
1333532
1459897
1620997
1692618
1582893
1387870
1342880
1490831
1637436
1634018
1480005
1280845
1217267
1289631
1387520
1407792
1300501
1145156
1087500
1112214
1166793
1204393
1155952
1061820
1013789
1012707
1047234
1110296
1105551
1056480
1044461
1064439
1104655
1166364
1170313
1102223
1077924
1101755
1127837
1156810
1165975
1149952
1135901
1108886
1078121
1081502
1094564
1093799
1079470
1058854
1060287
1088533
1093487
1092007
1089202
1090586
1089014
1092754
1096468
1071296
1060205
1082107
1104672
1103929
1102243
1106257
1105244
1107230
1101310
1080323
1064281
1071491
1102131
1144525
1180053
1160456
1123064
1094464
1104267
1161381
1209682
1233354
1222672
1161839
1113436
1159033
1232129
1277826
1291410
1237255
1175819
1165079
1174618
1178427
1170068
1090657
1036878
1070868
1130464
1143598
1152118
1100944
1033658
1034689
1032674
1009184
1002901
985612.8
940435.5
927339
935521.3
928232.3
941196.3
976871
994604.8
990623.8
971343.3
932814.3
928909.3
969683.3
1007169
1014908
1003393
957489.3
935294.8
939347
932545.8
897321.3
864279.3
823307.8
784764.5
784260.5
796965.3
785137.8
763021.8
751243.8
731979
704455.8
701504
717891.3
722503.8
717324.3
708344.8
676023.8
653234.8
648206.3
666601.8
699589.5
710653.8
686340.8
653392.3
646832.3
654214.3
686724.8
728979.8
707909.3
661980.3
631111.3
634579
667443.3
720315.5
750195.5
713064.8
660779.8
612184
614804
664238.5
729744.8
746070.5
690123.8
618856.3
580723.3
620430.3
707782.5
780580.5
762432
680675.3
602359.5
594968.3
668708.8
753310.5
795558.8
723878.8
607519.8
533877.8
539490.8
597163
658089
688929
647877.8
574086
514299
499373
523465.3
580014.3
623736.3
621741.3
575167
516844.8
490998.8
524504.8
588414
617431
597648.5
547251.5
517369.8
517107.8
560146.3
605249.8
608045.8
566273
532356.5
537356.8
579812.3
617672.8
622882.3
580958
531914.8
514032
558375.3
601568.8
610243
572004.5
525133.8
487025.3
506442.5
565984
592205
559289
507086.3
462866.8
438819.8
474613.3
536366.3
559168.8
505544.3
452175.3
423041.3
422640.3
465386.3
531495
555228.8
501188.5
430463
397284.8
394081.3
435796.5
504632.8
550959
520784
451514.5
413073.8
420772.5
449384.5
500783
527221.3
521914.5
481764.8
441776
447523.3
484039.8
515146.3
528971.3
529844.8
513833
491711.8
474726.3
479873.8
500433.5
506357.8
509688
528124.3
533831.8
524115.5
511899
488535.5
461902.3
457827.3
489846.8
532418.8
557929.8
558530.3
528651.3
484646.5
462075.3
482073.3
519950
555437.8
558365.8
525253.3
469174.8
438052.8
451849.8
497219.3
547174.3
562256
534417.5
485759
440193.3
435540.5
469220.8
519105.8
548215.3
531973.8
478307.8
437690.5
424303
432616.8
456403
473119.8
467157.8
439983
404112.5
396101.5
412423.5
434889.8
443339.3
436922.8
427004.8
417548.3
415897.8
415977.8
413339.3
404932.8
394438.3
383046.3
378081.5
384397.8
399256.8
401761.8
393910.5
375451.3
353064.5
345828.8
369954.3
410981.8
440900.3
431302.3
388317.5
342757.8
327391.8
341938
389271.8
434881.3
445638.8
413663.5
361832.8
322937
320337
348147.8
383021.5
408557
406111.3
374158.8
335465.8
312846.8
315588
333515.8
357294.3
369797.8
355524.3
330892.8
311749
311712.3
322864.8
331127
329809.5
321891.3
300913
289783.3
303000.3
328740.3
330298.3
309315.8
285225.3
268755.3
260512.5
269298.8
301700.8
332983.5
335995
303690.3
267897.5
246197.8
246820.8
277888.3
323604.8
346621.8
334964
296965.5
254034
232049.5
241448.8
282496.5
327225.8
337722.5
321533.8
286105.5
249594
233007.3
248415.8
280598.3
305727.8
299413
273364
243993.8
225699.8
224697.3
240680.3
260357.8
260746.3
246583.8
235556.8
226374.3
221090.5
228715.3
240089.8
237930
220711.3
203652.3
202266.8
207144.3
215690.8
222844.8
230128.3
212103.8
185422
159756.5
156806.3
164432.8
182517
185416.3
179670.5
159965.5
143420.8
127437.3
127055.8
140327.8
159133.5
165416.3
155542
137623.5
116672.3
103709.5
101969.8
112546.3
124453
125992
119454.5
104645.3
91802.75
86968.5
91685.25
100203.8
110713.8
109873.3
98531
87724
78964.75
79145
91432
103607.3
108422.8
100047.3
85232
74606.25
66798
67748.75
74601.25
85118.25
90043.5
83440.5
66987.5
48537.25
36184.25
35491.5
45508.5
54315.25
61423.5
60324
54506.75
41910.75
34145.75
30765.75
33673.25
37962.5
42928.5
43277.5
39412.25
31218.5
28646.75
26646
28928
27751.25
26591.25
23041.75
17997
15317.75
12601.75
14968.75
18761.5
23398.75
23306.75
19411.25
12998.75
8629.75
8524.75
8134.75
13128
15109.75
19022.25
16780
11120.75
6005.25
3035
-1003
