116206.8
115473.3
651855.3
327681.3
124172.8
173877.5
436651.5
695855.3
755503.8
626497.3
389732.3
183328.5
172779.8
503916.5
1014714
1259302
983669.8
514347.5
238946.8
247035.5
477387.5
928769.8
1399922
1472089
924178.8
346157.8
325897.3
739643.5
1119379
1315747
1354107
1133509
619340.8
338949.3
795299.8
1637846
2005365
1573003
925958.5
513844.3
371710.3
633582.3
1458319
2373933
2543241
1661017
668220.8
377745
693341.8
1283759
2007175
2582508
2430533
1409681
584811.3
738266
1527039
2191412
2417776
2181503
1580334
902245.8
796864
1656005
2786542
3327738
2830244
1815372
1001808
823338.3
1500915
2810315
3945666
4243633
2832097
1248355
810203.3
1446794
2629967
3805790
4635657
4373926
2498942
1204881
1777587
3147013
4250349
4863899
4602255
3247254
1688737
1569818
3077007
4351729
5213848
5257961
3169090
1623033
1567735
2866751
4185963
5137088
5755204
4999363
2283561
1556534
2767481
4097897
5058998
5702413
5677145
3369498
1888935
2669609
4009274
5010223
5688346
6042426
4327473
2512588
2787224
4072638
5066199
5752998
6211874
5573502
2916528
2212558
3508183
4667179
5488643
6043384
6323516
4294123
2978110
3816051
4823973
5591559
6130919
6485697
4999323
2762123
3605483
4687205
5500831
6066830
6453809
5793595
3167264
2606779
3826976
4873057
5617515
6126633
6228365
3857700
2587814
3543495
4646099
5465978
6040661
6417991
5329826
2990283
2789649
4018225
5023672
5728207
6220466
6406952
3971848
2623014
3629212
4708915
5507142
6053875
6401542
4815997
2628165
2835086
4113216
5112271
5806003
6284807
6429362
3701774
2366775
3495643
4643536
5472290
6044985
6425189
5088816
2678176
3050254
4272564
5222986
5865191
6304049
5784284
2939706
2212096
3554981
4705423
5521618
6078178
6439518
4701460
2305603
2551359
3912800
4961236
5674450
6151749
5473079
2905389
2374315
3681269
4784544
5565287
6114608
6473468
4866403
2448373
2674124
4012307
5041729
5739202
6215647
5789259
3088578
2435625
3732106
4819728
5587303
6111662
6311649
4318411
2745711
2999302
4142192
5073636
5741497
6194567
5756184
3089019
2063172
3117964
4329950
5222921
5825763
6075106
4328008
2396014
1926568
2971112
4222598
5165053
5807133
6164100
4073615
2253213
3105832
4320125
5218088
5792008
5370786
3534130
2014037
1416642
2349475
3824051
4904989
5633452
6066513
4024039
2131849
2520702
3650971
4510667
4857346
4803580
4394916
3196166
1899762
2117940
3611598
4766968
5543868
6002478
4150626
2246949
1972730
2530593
3414996
4442461
5250183
5767872
4827080
2606663
2245521
3556283
4665711
5436491
5930639
5356720
3220139
1744451
1949367
3375737
4557644
5357933
5823654
4668718
2820580
2058102
2532922
3693610
4722669
5468936
5915652
4567473
2368697
2048629
3230893
4358460
5160577
5603555
5281328
4163744
2768429
1936007
2729947
4060493
5055104
5722022
5959191
3780732
2309461
2661356
3655119
4614645
5359293
5887104
6139775
4610225
2371149
2353486
3769424
4869186
5604339
6036102
4479716
2820106
2640762
3040463
3938433
4873589
5589731
6094756
6234909
3681118
2545180
3696748
4757296
5505728
5973915
5285888
3591369
2680152
2177508
2454946
3681587
4750283
5529654
6051951
5524671
2912624
2599166
3803627
4802506
5487302
5829137
5231316
3882290
2708423
2261904
3226263
4391459
5265745
5865183
6134462
3968982
2204317
2408267
3569520
4572694
5265952
5610312
5216086
4006147
2763266
2469536
3481322
4565153
5371870
5917135
5872807
3941655
2579976
2520291
3319729
4329790
5150654
5752086
6158699
5792660
3889419
2995525
3893910
4871112
5601847
6108367
6370645
4912078
3186046
2878198
3617270
4600963
5381425
5954812
6362273
6562994
4946043
3759499
4538770
5344696
5950173
6389171
6695170
6203326
3922635
3327588
4174929
5058454
5732934
6221174
6568972
6691639
5182474
4142986
4818745
5532580
6082269
6487886
6792768
6904104
4556661
3545248
4422096
5259609
5882422
6335871
6656449
6599404
4622004
3557559
4149790
5020090
5711628
6213996
6575864
6715452
4524463
3328672
4221908
5115910
5785176
6261743
6599929
6555034
4597907
3634796
4250125
5075497
5728121
6218074
6569320
6784921
5422249
3449274
3591136
4580123
5383291
5961290
6369777
6569435
5090987
3731149
3794478
4615842
5372493
5946426
6370987
6674084
6452849
4127398
3036456
3847764
4819505
5562277
6082290
6423337
5735178
3669568
3098759
3850836
4778474
5504585
6029421
6404239
6435667
4545780
2944796
3166421
4260100
5152540
5787486
6223341
5957729
3547852
1975740
2161901
3433167
4557734
5360500
5911723
6079708
4263173
2474827
2265619
3415464
4524685
5327675
5867436
5867467
4119021
2529118
2049907
2509408
3424509
4241918
4705241
4601998
3881544
2906407
2218538
2174122
2801019
3770793
4597323
5119919
5167094
4399738
3180082
2367958
2359772
3054788
3943813
4640683
4884588
4360245
3312311
2337193
1995364
2480966
3456558
4399947
5074581
5193651
4258011
2972365
2230585
2379492
3186048
4112780
4812307
4925589
3965722
2720378
1969040
1904399
2500500
3423365
4280909
4889238
5032770
4399799
3339715
2546907
2428402
3016739
3888028
4597349
4962926
4629444
3474764
2252678
1798050
2160520
2939562
3706953
4096686
3911832
3220109
2282713
1585416
1568987
2241665
3281576
4258440
4941475
5009189
3934684
2532147
1841974
2236957
3342543
4404857
5169912
5449709
4279017
2578447
1579091
1565150
2265821
3158123
3808304
4011569
3582665
2667169
1772838
1309470
1530456
2324199
3254388
3952108
4177459
3654188
2637032
1863597
1771300
2365407
3185286
3709194
3584150
2887878
2114817
1527804
1300380
1413434
1752013
2211720
2544793
2662608
2477515
2050679
1668471
1544272
1705528
2060621
2516704
2903172
3079532
2906199
2451913
1919887
1501704
1466136
1835459
2422566
2952123
3252925
3091976
2469007
1829012
1506984
1677353
2210347
2859019
3249535
3126988
2562114
1959399
1555351
1376849
1405785
1563702
1823586
2101283
2291037
2241825
1944230
1528136
1242921
1312015
1701133
2295991
2850717
3205938
3134519
2647305
1979060
1577422
1640944
2108098
2643958
2874758
2627829
2104585
1553141
1168624
1026557
1161714
1446802
1770467
2092924
2321479
2229965
1828803
1337889
1085862
1227681
1752611
2385256
2840829
2809341
2336354
1715223
1231360
1105313
1337950
1800101
2233900
2484219
2398441
2004864
1443566
1011303
873196.8
1041925
1504795
2040913
2398041
2454513
2163969
1705735
1278100
1121723
1394586
1911129
2429069
2766543
2702065
2285495
1671765
1159108
971599.3
1103792
1447154
1810839
2007349
1955161
1689804
1281546
924933.8
732245.5
770537.8
1049948
1504876
1927560
2154892
2050331
1612372
1097362
761039.3
762594.8
1114091
1663678
2159318
2336499
2119707
1624943
1075645
747002
781061.8
1112906
1585781
1969051
2140229
2018842
1621531
1162166
826436
741001.5
959379
1394097
1864969
2169493
2133222
1745831
1221698
841495.8
792310.5
1089275
1577873
2022443
2199572
1987026
1505271
1001017
702169.5
684219.5
886137.8
1170667
1388923
1468493
1365264
1128470
841997.8
628491.3
565820.8
652430.3
829534.3
1033534
1210258
1272241
1169074
958922.5
759583.3
641996.5
680932.8
864518.3
1114034
1291036
1312854
1208942
1006302
778639.8
637534
640123.8
745709.3
876894.8
970107.5
986344.8
920793
800145
696103.8
627685.5
597529
620311.3
681654.8
776241.8
880238.8
977704
1023716
977998.3
841513.8
683964.3
589360.8
617341
762484.3
952612.8
1080351
1086650
965919.3
768821
586807.3
507204.3
545320.3
647314.3
763419.8
870705.3
905643.3
817908.5
669138.8
544936.8
484827.5
481651
535026.3
642985.5
758849.8
847056.8
904780.3
923364.8
856893.8
732424
623025.5
590566
667589.5
830260.8
1033149
1190214
1184051
1026490
794949.5
603738
528127.3
581615.8
728514.3
887875.8
961053
916916
787109.8
609831.8
451273.3
361584.3
366505.8
441626.3
550747.8
671096.8
751402.3
750402.5
659971.3
530449.8
407386
342567.3
368348.3
496434.8
672196.3
819258.8
860208.8
800376.3
633363.8
461978
357772.5
381478.3
506200.8
680889
802788.3
827030.5
713077.5
557540.8
411133.3
338399.8
335963.8
410461.5
505280.3
575850
573163.5
519844.3
460233.5
399945.8
352450.3
316757
298780
313186.5
340741.3
392158.8
443968.5
470581.3
473387.8
438677.8
366913.3
299879
259560
264604.8
323809
414160
490595.3
517306.8
478467.3
391776
297850.3
232446
211500.8
243105.3
313598.3
386115.5
419972.5
403995.5
344609.3
269424.3
200663.5
154512.5
147611.3
176139.5
231684
290126.8
338934.8
354969.8
326837.8
256441.3
183142.5
126228.5
110393.5
140324.3
204958.5
273310.8
328430
342136
298595.3
222227.3
145849.8
97489
95761.75
129221.8
196800.8
266757.5
299954.8
294150.8
247891.3
175790.8
105257.8
71356.75
80962.75
127844
189325.8
244646.3
270012
247692.8
195929.3
134887
81345
