264242.8
264937.3
190611.3
94917.25
188908.8
462809.5
796031.5
844367.3
626983.8
459421.3
267876.3
132872.5
198483.8
488208.5
982346
1201230
932737.8
726643.5
535494.8
279879.5
247003.5
441345.8
949626.3
1472089
1391611
1136318
931369.3
524967.5
304467.3
379931.3
822891.3
1621409
1895973
1601777
1345080
873866
412668.8
328738.5
598470.5
1442996
2134338
2022550
1806751
1380997
663992.8
369629.3
514472.8
1256917
2173226
2348571
2215187
2013212
1195313
549072.8
512935.3
1094790
2172495
2713108
2698140
2609903
1860698
900817.8
559816
886313
2004950
2961218
3286728
3414256
2820128
1535910
827374.8
763990.5
1717510
2980329
3655577
4096739
4068899
2648218
1298119
805561.5
1321269
2740294
3833646
4534501
5067699
4451729
2412989
1263435
1146971
2358562
3664613
4561478
5257087
5680721
4285172
2260113
1323162
1591141
2983835
4197171
5085127
5723996
6014148
4072591
2138381
1387554
2197233
3568109
4643926
5428237
5977025
6097930
4070443
2141249
1658310
2874887
4149438
5095662
5767373
6229196
6270116
4293978
2348239
2175858
3488202
4630546
5452180
6024842
6413211
6266539
4107767
2332964
2618808
3956639
4992542
5709579
6218653
6573547
6570267
4231361
2316111
2623131
3923927
4956621
5685043
6198682
6559957
6645635
4256828
2524431
3085368
4211417
5125807
5785817
6255021
6569472
5839846
3457815
2426987
3340638
4482237
5337471
5940534
6377023
6639537
5121593
3047796
2366219
3347806
4499620
5359864
5959774
6389060
6615295
4578942
2739963
2387910
3427505
4557869
5397870
5986276
6407943
6667563
4773031
2721322
2440850
3593427
4697067
5506048
6065862
6469577
6731257
5211624
2793368
2415270
3615684
4723662
5513427
6069381
6459728
6675830
5049532
2643441
1952239
2920278
4210830
5181926
5850048
6306859
6542143
4696772
2564576
2004490
2881629
4094583
5053101
5736303
6223109
6523848
5249223
3051072
2202796
3148043
4354753
5252616
5885367
6335973
6625514
5470231
3391647
2220830
2388501
3758286
4842576
5596823
6122134
6474917
5848751
3769111
2511878
2237716
3274356
4442493
5304923
5904220
6277267
5521788
3735336
2487354
2287429
3230611
4352462
5221460
5838446
6254836
5501052
3550962
2377121
1973429
3074384
4269251
5139201
5777620
6242213
6408564
3823748
2391978
1771978
2266317
3652414
4653791
5340587
5900781
6307944
4972189
2415159
1745813
1935222
3356803
4506859
5126286
5575652
6021408
5662322
2740378
1601480
1603354
2708744
4065888
5014778
5565298
6023533
6335270
4387945
1886560
1515537
2212827
3646340
4749968
5471707
5905485
6180471
5406843
2797547
1600467
1954272
3074007
4293431
5193307
5808573
6217456
5755393
3531238
1940762
1766240
2616926
3668182
4572782
5321477
5884960
6134612
4376597
2530061
1845377
2388849
3635416
4595565
5202287
5694496
6020620
4739069
2574323
1912655
2007981
3108740
4311634
5159035
5698536
6131265
6423660
4590935
2144205
1711705
2443720
3840219
4892969
5591765
6025826
6336968
6289570
3851707
2070546
1889800
2814394
4114458
5084407
5724385
6161169
6494607
6484124
3582637
1919442
1930188
2937052
4219892
5151584
5724491
5662880
5754789
5208664
2951484
1905642
2163623
3270875
4467222
5329859
5885479
5932368
5488010
4435279
2683354
2118174
2635653
3760476
4791450
5545859
6043724
6178415
5346791
3873921
2542227
2305518
2832770
3921249
4902983
5610132
6062098
5701016
4543120
3080750
2189255
2523362
3186868
4107262
4996409
5658422
5952835
4706607
3622735
2760856
2440799
3255945
4147958
4887902
5549310
6058739
6349580
4997071
3376325
2568250
2667708
3761631
4740343
5450537
5990218
6402854
6682866
5417978
3380499
2658229
2916028
4091753
5043126
5712403
6180435
6535114
6786976
5952077
3502231
2910970
3253554
4263927
5156380
5809513
6274634
6610678
6855206
6807924
4697675
3432698
3800266
4601213
5352652
5940897
6375074
6697092
6902676
6327857
4345880
3161172
3774965
4713366
5459555
6012421
6429472
6738776
6942871
6037130
3876738
2775660
3102860
4184916
5087056
5741595
6222276
6578108
6833794
6695288
4620971
2974237
2974562
4022899
4963788
5654801
6157445
6520661
6774518
6536000
5085601
3575369
3098938
3939092
4874291
5581783
6095998
6469261
6717947
6223867
4570813
3498406
3177370
3760281
4696450
5454687
6004828
6392873
6638298
5896740
4002464
3083533
3325553
4022162
4801129
5490514
6014820
6403151
6663996
6201238
4289833
2613645
2304451
3262175
4305400
5123448
5730633
6181712
6494860
6178758
4391217
2811369
1886136
2147100
3396169
4493695
5289346
5851732
6256347
6357216
4751549
2862291
1928135
1792780
2505969
3686903
4669344
5340535
5678397
5671194
4912571
3275292
2170249
2037562
2279069
2774634
3700188
4541467
4883186
4279470
3579755
3061553
2402487
2186331
2743302
3455830
3870758
4230546
4555560
4373308
3466861
2502967
2075236
1982149
2381731
3278245
4191628
4786710
4920258
4729339
4089261
3094491
2291179
2025601
2144429
2578460
3415956
4246536
4796123
4862281
4542634
3879438
2792520
2042439
2099708
2658909
3243229
3911534
4518690
4633039
3953755
3090975
2570726
2133759
1917864
2372525
3217434
3851660
4050724
4228078
4326562
3647068
2514494
1976217
2007522
2065904
2429949
3333721
4188660
4531135
4061889
3530048
3080340
2273495
1569613
1692724
2356503
2869182
3386973
4177923
4861817
4859084
3529525
2290765
1714507
1434387
1646546
2611397
3656495
4189580
4156273
4124353
4012821
3237014
2054886
1447632
1356491
1443208
1879128
2760407
3519480
3554284
3188781
2945116
2689087
2107622
1485322
1471662
1768802
1949645
2191348
2661740
3083718
2929161
2393552
1967405
1671100
1422699
1394275
1827455
2400596
2757964
2857921
2751372
2475248
2021384
1642419
1486109
1589067
1841568
2188228
2541367
2823834
2965927
2821193
2341800
1714547
1383476
1417972
1723049
2218439
2801899
3173851
3020840
2620662
2316875
2055627
1668161
1371989
1486590
1821682
2020363
2283421
2766853
3047598
2693384
1866481
1433871
1349369
1263547
1367025
1914074
2583787
2776777
2488380
2360918
2350184
1967202
1391602
1123554
1284557
1452465
1688325
2268660
2950073
3159486
2643466
1952775
1657384
1441831
1160869
1162879
1547329
1971222
2189201
2389023
2659908
2656617
2167217
1564282
1143071
985267.8
1042957
1412206
1984789
2386220
2522299
2490309
2351392
1995726
1486827
1057885
922924.5
978815
1146985
1546953
2082281
2441477
2363091
1933076
1633423
1406010
1067657
849700.5
1026287
1488741
1833295
1900245
2010672
2147795
2002956
1541878
1050667
909692.8
1021249
1110036
1279642
1682726
2083134
2214246
1985764
1602932
1290196
1028676
821299
811263.5
1080702
1529303
1945931
2258871
2374822
2162174
1691519
1201503
847635.3
677709.3
740814
1100458
1628414
2037029
2176587
2178785
2120230
1948067
1564862
1066816
744333.5
698055
818137.3
1091469
1525941
2022790
2335119
2237006
1819676
1388263
1048815
766292.8
639187
741583.8
1003134
1259655
1438937
1623706
1764740
1699146
1367731
996698.8
781624.8
694580.3
669129.8
761077.8
1021191
1314569
1428786
1337902
1196802
1118390
1019961
831113.8
661422.5
645343.3
741956.5
859908.8
1002082
1174962
1291036
1227650
1013306
800669.8
679155.8
626110
654879.8
788073.3
954958.8
1043888
1019189
979817
996257
995983.8
875205.5
713197
644587.3
670230.8
713885.8
742198.8
849660
1051324
1184106
1118070
898164.3
705980.8
601633
551140.3
539444.8
607683
754877.5
894043.3
958269
980459.3
995104.3
949444.3
790114.3
606339.8
490857.3
443447.3
457576.5
557278.8
767704.8
981295.5
1020007
902022.3
798161.5
737905.8
664272.8
556348.3
487348.8
547017.8
656740
681097.5
642450
680917.5
808840.8
915576.5
848445.8
649978.5
530021.8
512681.5
490450
461011.3
523067.8
715186.3
900727.8
892033
741272
610037.8
533195.8
460793.3
388716.3
400301.8
518262.3
642615.8
701560.8
729982.3
787530.5
863223.3
836993.8
669662
469183.3
369776.3
365534.8
366604.3
395618.8
510348.8
688516.3
781399.8
762334
679072.5
610434.3
559988.8
481445
357252.3
290578.5
321329.5
382372.8
438741.3
509759.8
588243.8
671785.5
676164.3
561094
388951.5
289460.3
269833.5
285229.8
319606.3
358645
422540
482166.5
487825.3
445946.8
382564.5
325877.3
301551.8
300637.8
301225.3
294643
286692
311252.8
381881
448432
454419.3
391642.8
309011.3
254688
232162.3
210074
184368.8
206453.3
295510.3
400871.5
429968.5
374483.5
288441.3
231344.3
202091.5
185928.5
152371.3
137107.5
171232
241098.8
300854.8
330217.8
327313.8
298805.3
266918.5
231900.5
182269.5
126996.3
92622.5
99094.75
154690
224088
266703.3
277919.3
273417.8
263137
246653.8
203953.8
136824.8
85401.5
77662.75
105178.8
137935.3
163890.8
190937.8
233196.8
275646.8
289208
247873.8
178958.3
110076
68240.75
49797.25
59679
86105
