144290.8
143081.3
177283.3
151561.3
151780.8
152933.5
159619.5
168447.3
177639.8
185721.3
186480.3
192848.5
205623.8
218792.5
232170
241138.3
242537.8
250167.5
261794.8
276071.5
284131.5
295213.8
306550.3
323977
332986.8
339017.8
354933.3
370267.5
380151.3
380883.3
395919.3
415701.3
432272.8
438433.3
449247.8
472598
486448.8
484390.5
493750.5
522888.3
554970.3
566942.3
568198.8
582269.3
614012.8
634761.3
645372.8
658585
688581.8
713034.8
723403.3
748004
791664.8
831340.8
842327.3
847270
878727
895263.8
904096.3
932954.8
980098.3
1024578
1027248
1023401
1050094
1098630
1127116
1155636
1192684
1215086
1218171
1220951
1246746
1277201
1299853
1329275
1399015
1441082
1436635
1420078
1455501
1496982
1518382
1527133
1586235
1648565
1670429
1681363
1752919
1835438
1821541
1767358
1788951
1866057
1932304
1944049
1977186
2057145
2084195
2067071
2072047
2134004
2188536
2180015
2182649
2258158
2322421
2293381
2252502
2300441
2409405
2433682
2393019
2424945
2540338
2634507
2677170
2728038
2869009
2977640
2935260
2863598
2905159
3020758
3050758
3027854
3075036
3198830
3232579
3194435
3159575
3253072
3318528
3283575
3228962
3256751
3303629
3274867
3266351
3340289
3469459
3479455
3410799
3399149
3490207
3594486
3541641
3456911
3526644
3727759
3797464
3664493
3568811
3662381
3789341
3752504
3621210
3623463
3821191
3921834
3849633
3764291
3848038
3998927
3995833
3857813
3799400
3893227
4013254
3992680
3871888
3823962
3888632
3930179
3858754
3785259
3837330
3916357
3901941
3826118
3810480
3908943
3940559
3854827
3775186
3766510
3801915
3763155
3690108
3672058
3734957
3775773
3729360
3730136
3830418
3905092
3870194
3763651
3733173
3754620
3723678
3627244
3549745
3590155
3655222
3675806
3637306
3627128
3649351
3683287
3675276
3592260
3516266
3519945
3560511
3596065
3550035
3552749
3568364
3609879
3624652
3574152
3545979
3522229
3494272
3487279
3480449
3516758
3485311
3478279
3477470
3489013
3559318
3572132
3559543
3555542
3552753
3555859
3529207
3492914
3471032
3473800
3498585
3464707
3431400
3424123
3428816
3365008
3282750
3259897
3270595
3257662
3221784
3150474
3130372
3146280
3133510
3095881
3045857
3040112
3050215
3040041
3025388
3028737
3012304
2966948
2927002
2941986
2961277
2961262
2927815
2917271
2924353
2942148
2923485
2866883
2852037
2914354
2953631
2927015
2847198
2841984
2940260
2969590
2915546
2868592
2909974
3001960
3032968
2976070
2933018
2997601
3068482
3032773
2938044
2893557
2929207
2920916
2878336
2838951
2883361
2916539
2879759
2828011
2847111
2916268
2908359
2820211
2732863
2758841
2835476
2823709
2725370
2664282
2731092
2797330
2790914
2715906
2665397
2726224
2811180
2796277
2704753
2651721
2737757
2845732
2826273
2737559
2683320
2751928
2864105
2847071
2746131
2715793
2816952
2942182
2898511
2794460
2782129
2888408
2966823
2923893
2826497
2855936
2926299
2931849
2848101
2776650
2834084
2992318
3070115
3022546
2952708
3036210
3207202
3235147
3079729
2941029
3015999
3204960
3244201
3063746
2878380
2898020
3095104
3160952
3003199
2803072
2804065
2983840
3058584
2951890
2799559
2815343
3006378
3127883
3049471
2911672
2880482
2989191
3088906
3043518
2931249
2900820
3014066
3173951
3189152
3088699
2972979
3037589
3183399
3210870
3091238
2974485
3062767
3261072
3295110
3191068
3097032
3118830
3213131
3251166
3175920
3090050
3097169
3216066
3270099
3197211
3102943
3125472
3258567
3362569
3311626
3174302
3122662
3246055
3427416
3453879
3289693
3200378
3285556
3427955
3458951
3326625
3154686
3113694
3244718
3365942
3320999
3146605
3028364
3102625
3267646
3350491
3297779
3182170
3163664
3246017
3328967
3338894
3271166
3225771
3266660
3379533
3448146
3412910
3334710
3285524
3334411
3403186
3416610
3399313
3388200
3399057
3467190
3466480
3412168
3413309
3437196
3468192
3466993
3420074
3437507
3512469
3551576
3552908
3445223
3312506
3316962
3412548
3481756
3465204
3338708
3249735
3313916
3452692
3524166
3447540
3307687
3298393
3453894
3637339
3720476
3652745
3540873
3536617
3668618
3820420
3836101
3645341
3447846
3483084
3627647
3713483
3626510
3423813
3297887
3348827
3481725
3531726
3428698
3270001
3251790
3402175
3584368
3638261
3506218
3300160
3228012
3330577
3486917
3563298
3470709
3280446
3222604
3358179
3500976
3501366
3362585
3162473
3094135
3152219
3234876
3258004
3162137
3017264
2951516
2964806
3011293
3040801
3001880
2922028
2874473
2859587
2885070
2945752
2934343
2877656
2868017
2887995
2928687
2981352
2990537
2913403
2881488
2903415
2919977
2945618
2955735
2951136
2939465
2906262
2864073
2858410
2866236
2867851
2848762
2822910
2826723
2861157
2853735
2854635
2851830
2865114
2848310
2836342
2836248
2801080
2798557
2821887
2843976
2832761
2814415
2809861
2809324
2809882
2806818
2782499
2765981
2773191
2793359
2829565
2860333
2845020
2799536
2764272
2774075
2831665
2867590
2891738
2875820
2813559
2758492
2793617
2861001
2910506
2925994
2876599
2803263
2778719
2772550
2766363
2742772
2668121
2626242
2667848
2717924
2729630
2740530
2682692
2601602
2602157
2606330
2572368
2549901
2522141
2474108
2447207
2461577
2458572
2467252
2492931
2507809
2492404
2468839
2426026
2414029
2458611
2488005
2493364
2476613
2423093
2394711
2402095
2390058
2350549
2315127
2263208
2215145
2207977
2214969
2198858
2173886
2158776
2139987
2104848
2092376
2103051
2105284
2084396
2074941
2033576
2009835
1994810
2009398
2046670
2061542
2035801
1998092
1977728
1974638
1994297
2043216
2013577
1971456
1936779
1925491
1962163
2003612
2033016
1986841
1938364
1882152
1873348
1914691
1965441
1983195
1907256
1832180
1784051
1834230
1921583
1995809
1970996
1876387
1798072
1788776
1866325
1946643
1993651
1914355
1789428
1700554
1698551
1758127
1821909
1851797
1793610
1720770
1648131
1627017
1651585
1703374
1736624
1730345
1688531
1624973
1595319
1616449
1683690
1704615
1683881
1630628
1597414
1588584
1631146
1671490
1675714
1626325
1588125
1585033
1627964
1654877
1661990
1618162
1561979
1537908
1578443
1612117
1615555
1564465
1518070
1470917
1492239
1537024
1561817
1522713
1460038
1413439
1378920
1411857
1474086
1502601
1431364
1375139
1332201
1332276
1369310
1425423
1452013
1389405
1315347
1266937
1259925
1300689
1356673
1402999
1372348
1291655
1250834
1248061
1270009
1323311
1334993
1330639
1285729
1236220
1241967
1270868
1293882
1307231
1302393
1278289
1260928
1232994
1233858
1252990
1252726
1249392
1273064
1268776
1252396
1247319
1213960
1177330
1170875
1201467
1238327
1261934
1256822
1222183
1168659
1146087
1162277
1191110
1228978
1230478
1194985
1124627
1095409
1106826
1147435
1194534
1204380
1180826
1126931
1073273
1055293
1088497
1143618
1171299
1145062
1086160
1042211
1029775
1036661
1050451
1062884
1051686
1022131
981024.5
966349.5
977911.5
1000854
1006923
996222.8
984876.8
971612.3
966629.8
963853.8
955027.3
941384.8
928034.3
912834.3
901205.5
900381.8
912384.8
918221.8
906086.5
890007.3
860956.5
851340.8
870230.3
907449.8
935940.3
923010.3
878597.5
829705.8
808151.8
822698
866699.8
909453.3
915450.8
880619.5
820220.8
780849
773013
798919.8
837125.5
856473
850695.3
817790.8
773861.8
744578.8
746368
762867.8
784266.3
794389.8
780592.3
749772.8
728249
722500.3
731272.8
738107
736313.5
725063.3
703133
690575.3
701888.3
721916.3
722522.3
696779.8
668405.3
650031.3
634648.5
642482.8
672980.8
704263.5
703467
671638.3
630609.5
603197.8
603820.8
632508.3
677748.8
699337.8
682920
639685.5
593898
572389.5
580836.8
618552.5
664709.8
670446.5
649973.8
610737.5
574226
553355.3
565431.8
598566.3
621315.8
615477
582288
550061.8
532243.8
526957.3
539608.3
559761.8
556818.3
537895.8
527344.8
512450.3
506214.5
512887.3
522833.8
520198
499171.3
482588.3
475966.8
479892.3
484630.8
489880.8
496212.3
474379.8
448174
418224.5
414322.3
420520.8
433369
432460.3
427190.5
403677.5
384276.8
363533.3
366959.8
375471.8
391421.5
397228.3
391638
368483.5
339440.3
325525.5
319977.8
332458.3
342937
341620
334130.5
312181.3
296958.8
294504.5
296841.3
304407.8
313013.8
307413.3
296071
282408
269364.8
270021
277548
291151.3
295014.8
285687.3
268492
253106.3
245774
238632.8
246913.3
257906.3
262355.5
251944.5
233587.5
211805.3
197548.3
194475.5
200684.5
209967.3
218027.5
216928
206826.8
194230.8
181229.8
177373.8
175521.3
182190.5
185728.5
183697.5
179832.3
171638.5
166686.8
162782
161732
159127.3
157015.3
149181.8
146041
140505.8
136361.8
136348.8
141093.5
142874.8
141354.8
134127.3
125810.8
121917.8
119908.8
119518.8
123084
125065.8
127074.3
121500
114412.8
108821.3
102519
97529
