76095.25
74891
51106.25
43383.75
48776.75
48087.75
50488.75
58395.25
63593.75
61399.75
57381.75
55101.75
60715.75
75250.75
86311.75
87248.75
80934.25
81894.75
92574.25
98443.5
94933.5
92323.5
104528.3
111969.5
110051.3
107020
122540
135501
130585.8
115162
116913.3
130429.8
136959
128838
135966.5
158829.3
166365.3
151555
145134.3
168143.8
189625
185628.3
169638.3
185167.3
210140.3
210515.8
200105.3
212486.3
239537.5
243506.8
220629.8
221395.3
273137.8
300046.3
282875.3
269793.5
305429.3
326340.3
299009
275995.3
314535.5
357181.3
336449.3
295539.3
321799.3
375870.5
380696.8
334507.5
317722.3
352977.8
353190.5
306456.8
276015.3
309338.3
350156.5
348697.3
335513.3
336709
341766.3
342884.8
335343.5
325493
336007
355640.5
378995.5
387631
388951.5
409547
451497.5
473094.5
453010.3
417483.5
413778.8
430365
438650.8
444144.8
476352.8
532981.5
537761.5
501020
487878.3
530388.3
564906.8
519318.3
468485.3
510292
577875.8
558499.3
496081.5
505909.5
618278.3
672550
589461.3
505761.8
542117.3
626872
635649
578077.3
592324.3
694822.8
743737.3
673606.3
621754
700842.8
797338
782079.5
703679.8
725208.3
793681.5
826824.3
788121.3
775640.5
842886
894027.5
864733.5
805023.5
812702
848800.3
851625.3
846201.8
894754.3
985780.8
979931.3
915056.8
888438.8
968444.8
1013190
950372.5
904907
946550.8
1028630
990418
905574.3
917393.8
996729.8
1023202
945155.3
885657.5
922877.8
961172
952284.3
894892.8
885442.3
897447.5
864762.5
842928
872029.8
919716.3
914463.3
856346.8
845563
898054
923104.5
837161.8
766186.3
822190.5
912221.3
905689
801311.3
784585.3
893514.3
1004897
945122.8
809351.8
823542.8
943384.3
967380.5
829538
745523.5
862720.5
1042668
1053056
925692
911203
1065859
1171390
1070296
897674.3
883333.3
1003769
1037026
909277.5
814569.8
871733
978618.8
973138.3
861275.8
818648.8
886063.5
969591
952480.8
867640
825393.5
858656.8
919682.5
943749.5
900546.3
858167
864180.3
922912.8
969465.3
953818.3
903219
896161
960001
1048668
1026617
945032.3
924831.3
1014478
1079407
993756.8
881792.8
884652.8
991475.8
1015653
898084.5
806049.8
857844.3
986749
983445.5
858139.5
807754.8
867202
952309.3
911832.8
809429
758537
785582.3
834227.8
786414.3
725869
741799.8
808112.8
848379.5
806349.3
760342.3
740578.8
743935.8
732922.8
679648.5
652917.3
667296.8
708746.8
732692.5
715994
708827.3
693462
701186
708870.8
702920.3
713495
708096.3
696944
685836
675895.3
675360.3
681494
668894.3
651773.5
651876.3
670501.3
698404.8
701049.5
668804.8
666629
697486.3
719156.5
698227.8
661721.8
673509.5
720986.8
755112.8
718931.3
666161
652151
671947.8
666157.3
636383
621812.8
664251.3
704212
684997.3
668001.3
690796.5
737213.5
729263.5
679690.3
667028.3
721636.5
762062.3
728919.8
669053.3
694602
774310.8
770081.3
698388.3
643566.8
683316.3
785124.8
811008.3
750807.3
688000.8
695890.3
757110.3
749453.8
681892.8
632224.3
631650.5
674622.5
701166.5
685119.3
663589.8
657149.8
677817.8
712674.3
711740.5
704893.3
729658.5
748320.5
760059.8
776167.5
779649.5
793492
774711.5
765108.8
774140.8
784581.3
808667.8
812199.8
838168.3
883848.8
892045.5
897035.8
876665.8
866569.8
857667.8
818463
788278.8
763536.3
766426.8
773708.5
746369.5
704118.3
682178.5
704277.8
737367.8
730987
705674.8
696129.5
719936.3
765497
791724.3
777000
738649.3
736876
789806.3
838116.5
818714.3
773763.8
782084.8
847490.3
881374.5
865408.5
832901.5
843692.8
923666.3
956494.8
890746.5
840248.5
874173.5
1008373
1113727
1055519
964332.3
960873.8
1048631
1150769
1121860
1026586
998532.3
1094118
1207887
1225370
1144790
1071932
1096457
1157781
1161524
1118441
1086765
1150336
1248285
1262445
1190258
1143369
1210873
1309211
1268699
1176603
1147574
1216687
1333257
1334802
1211680
1107961
1112219
1215587
1293299
1226122
1102606
1081179
1220522
1367629
1359251
1230223
1126973
1174095
1318864
1348380
1245354
1150581
1171430
1295712
1365679
1290547
1180833
1140750
1207715
1269395
1259480
1206906
1172034
1209108
1292917
1310335
1254095
1206640
1193914
1234448
1267957
1237253
1199420
1202532
1274902
1361471
1360945
1282972
1255000
1313041
1399786
1418527
1367649
1352024
1397124
1471674
1484040
1387976
1304873
1314560
1374812
1437332
1437728
1332833
1223274
1195828
1241540
1301499
1300027
1214487
1137426
1147039
1226345
1287977
1239538
1142553
1088399
1100298
1151808
1179953
1127350
1073411
1061878
1073163
1115340
1137507
1117850
1103997
1065561
1016877
1009446
1022136
1045711
1058533
1031239
990235.8
968165
980586.8
1020229
1021563
977961.5
931320.3
914987.8
947073
992178.3
978161.5
911549
860557
847941.8
891272.8
941358.5
914801.5
818738.3
745270.3
731298.8
786720.8
847653.8
824361
744194.5
680889.5
663001.3
715686.5
787666.3
786784.8
725795.8
654378.8
627607.8
679028.3
766205.3
805475.3
788953.8
728726.5
674464.8
709390.5
806702
866428
860547
803875.5
750478.8
770251.3
824625.3
853064.3
855056
822703.8
763988.3
745808.8
771915.8
799078.8
815132.8
812272.5
798175.3
772177.3
750977.3
753103.8
797337.8
837431.5
828059.8
788998
747289.5
750204.5
797937.3
850299.3
877280.8
860627
813176
793611.5
828610.8
911025.5
982624.8
967248.3
872820.8
815359
828251.5
915709.3
1000786
985548
896267
821289
827805.8
901377.8
969950
941350.5
830679.5
726955.8
706981.8
771926.3
848095.8
845144.8
785505.3
718111.3
681278.8
708566
753220
756757.3
716765
666124.3
629002.5
615519.3
623649.5
623981.8
635038.3
656946.3
659928.8
656298.3
650397.3
644877.8
652824.5
688375.5
711920.3
712155
707193.3
695124.8
680921.3
680245.3
684433.3
664078
646168.5
666622.8
698526.8
700870
681240.8
637964.3
596785
603629.3
645217.5
668558.3
665645.5
633516.5
588504.5
557723
573094.5
603139.8
624125
616175.8
576487.8
544791
542929
567170.3
589474.8
590519
581702
565658.3
564605
568329.3
581314
588173.8
585412.3
577321.3
563992
572452.3
572048.8
556905.8
545834.5
566947.5
593154
607736.8
605932.3
563435
517817
525863.8
594952
657194.3
669994.3
622340.5
544805.8
504627.8
551910.3
648584.8
703568
692135.5
603280.5
509311
476070
522114.3
592159.3
614513.3
593483
537754.8
478259.3
447951.8
461028.3
487658.8
492646.8
481248.3
461070.3
444585.8
421399
411800
413824
423961.3
429705.3
432708.8
419908.8
404836.5
392151.3
389466.5
396045.3
414098.3
420368.5
422610.8
421898.3
425339.8
423683.8
417016
416886
432181.8
446710.3
457149.5
457551.3
450956.8
432224.8
428243.3
442420.5
467154.5
474295.5
466742.8
440480.3
419664.5
415465.3
426593.3
444293.8
451329
446961.3
415713.8
389905
379403
388045.8
400759.3
421192.8
430176.8
414280.3
383994.8
356883.3
349388.8
363521.8
389060
413447.3
418099.3
396369
375551.8
354670
357096.8
382303.8
399266.5
416229.8
413716.3
395625
381935.3
382769.8
397118.8
408097.3
400431.8
389959.8
378457.3
374816.3
388048.5
399480.3
396787.3
387367.8
376301.3
363883.5
371746.5
396643.8
406235
402795
388814
368413.5
352982
354124
366720.3
374841.8
373726.8
360121.8
339252.3
322844.3
323576.3
331256
334313.3
329693.8
331397.3
328544.8
323406.3
323869
322806.5
318225.5
305276.8
290199.3
278806.5
285803.3
299595.3
304471
291955
280152.3
274359.8
272810.8
275885.3
292467.8
304445.8
306608.3
290856.5
266344.3
246519
242362.5
255782.3
274143.8
288306.5
293622
280396.3
260134
242571
244193.3
262542.5
282905.8
293897.3
288461.3
267138.8
247239.3
241182
245705.5
264918.3
277618.5
278596.3
272208.8
261831.8
255571
255497.3
261448.8
271640.3
278650.3
280893.3
278696.3
273363
263597.3
262094.3
262605
268021.8
269732.5
265640.3
260428.8
255633.5
254088.3
255931
254846.3
252283.8
247392
239090.5
236748.8
239201.5
243938.3
244992
246361.5
236882.8
227449.5
223853.8
229156
237906.3
241180.8
239062.8
227613.3
219013.8
208216.3
202023.5
205511.3
215205.3
218401.3
217209.3
204846.8
183321.3
167212.8
162581.3
172475.8
185090.3
195653.8
196780.8
191059.3
178435.8
163400.8
153908.8
152896
159079.3
164075.8
171262
172285.8
166627.3
163148.5
159254.8
156534
156654.5
156286
156604
159340.5
159208.3
164048.8
168973.3
169736.8
167902.8
163310.3
163474.5
163834.5
161103.8
164769.8
167121.3
166041.3
160857.5
149793
141558.8
134635.8
138709.8
149611
160652.8
170631.3
165359
152184.3
129514.3
117007
114226.3
120747.8
131711.3
143653
147974.8
140794.3
125781.5
111662.5
98007
93328.75
93784.25
103999.3
114159
120885.5
117275.5
108673.8
98629.25
88753.5
86929
87815.75
89901.25
90491.75
91374.25
92382.5
92790.5
90381.5
88775.75
86496.25
77124.75
73351.75
73480.25
77074
82536.5
87153.25
91792.25
92706.25
85805.75
80876.75
75558.25
76311.75
79660
85512.5
96035.25
100024.8
97207.75
86455
74240.25
70896.25
70686
73470.25
81431.75
87110.75
90269.75
87246
78971.75
68700.25
64523.75
63625
65971.75
67161.75
68466.75
69690.25
71553.75
71324.75
69902.5
67761
65624.75
64063
58598.5
55930.5
56120.75
59982.25
67683
71396.75
68421.75
60742.75
50631.75
44662.25
44130.75
47822.75
55079.75
62811.5
63962.5
62130.75
55129.25
44285.75
37670.75
37535.5
38855.75
