32640
32832
32644
32620
32800
32696
32724
32684
32612
32380
32664
32512
32920
32172
32824
32396
32456
32708
32120
32656
32672
32736
32800
32688
32724
32804
32728
32776
32352
32868
32444
32624
32788
32612
32708
31684
26696
30104
36028
37808
35796
34300
31964
30956
30716
31372
31664
34188
36708
39008
36404
28964
23988
30172
34408
34096
30368
26948
39664
32948
29452
35108
32160
27040
33540
25712
34120
25844
30728
28112
33084
28768
33556
24780
30856
27208
28476
32344
30400
29476
29440
29416
30292
31476
31788
32800
32800
31784
32064
32404
34204
34572
32032
34084
35408
36356
36236
33608
37376
37408
35184
31812
35540
33208
30232
29488
31388
29876
29216
27872
30284
27688
28232
29104
29952
27632
30352
33732
31048
36176
38548
34048
38164
38016
34016
37136
35220
32752
33392
34152
27584
30524
26292
23832
28980
23112
30804
28600
31000
34696
33564
34144
38828
36900
38668
41284
35000
40980
29968
33212
28856
24208
29008
24076
26444
26052
23552
29908
29092
31136
38188
35164
45632
38832
41080
39108
35116
36960
33644
28580
32276
22016
25360
20200
22348
26476
23384
34940
32248
37520
38532
37436
43360
41240
43872
41312
34036
36932
24064
28412
19752
23232
22928
23136
26976
22452
29184
33924
36252
47152
38984
50016
37868
45372
35072
32056
35552
26148
28352
20540
14880
24032
14004
32828
22532
37564
37860
37148
44668
38996
45052
46420
39808
46380
26440
33976
19564
21484
23252
16440
24360
20448
22972
31596
21504
40736
36692
45344
51736
39168
51320
34492
41444
37140
28956
29544
27436
19240
23868
11684
18876
21164
19116
37340
31140
38548
42716
36772
47616
44632
42496
51848
36292
42644
33008
22808
26464
14864
19852
22864
17436
23424
23704
20320
38092
27988
44368
46684
42448
57624
39720
48508
35428
33192
33556
30724
22620
25600
12632
19280
16504
13064
31188
20544
41940
38752
40780
47836
39368
48312
48832
40284
49964
30224
32924
25272
12504
23364
9432
20808
19296
21800
28428
29684
27316
44852
38296
56680
49824
46044
52816
33212
42604
27160
23332
28160
16212
19872
18224
4756
25116
11584
33292
35892
38036
53848
42636
51960
46864
44460
47636
40964
32800
37696
15308
23504
4640
9644
19124
11684
29620
23568
31172
42876
34784
50252
50544
48684
64796
36128
52972
25216
27876
22944
11932
21928
12876
11084
19896
5952
32640
23340
40204
52204
45236
62652
41424
54304
43084
37196
43188
28696
23688
22080
604
17780
0
19112
18108
23992
39816
35132
42228
46188
45424
59572
51104
50772
50896
27948
38024
11116
16916
15924
6880
18432
13284
11564
28024
11416
42724
37388
45368
62804
43684
62820
39656
43988
41264
29560
28580
26504
13088
18992
888
5180
18884
7960
35864
25476
40868
46392
39716
52464
48556
46196
61540
35956
49504
27172
18868
23600
3640
16712
9076
15344
19764
16976
17780
37732
26728
51604
44756
56024
61152
39148
53140
31548
34844
32800
17612
25320
14912
5560
17436
0
24056
17152
30772
44048
37332
47176
45836
47984
49744
45268
44656
51380
22004
35048
9888
13432
12516
1860
23376
12152
20832
27324
21552
38652
40264
40996
61776
46364
57420
44248
37028
39100
20704
23060
25084
10524
15940
13016
3824
22068
3152
36772
29736
38836
52920
43904
52984
44132
44424
47212
42216
29908
41164
12388
21536
6776
1416
18120
844
28360
23264
26900
37068
35796
44900
51036
43772
60828
51508
40248
44932
19160
29400
12036
9532
19468
6644
14212
18184
4700
27220
21952
37548
52332
39316
61404
50100
48716
45940
34104
35092
37516
14912
27140
10716
3116
14180
0
20400
14496
27360
43364
34604
43560
49804
46200
51576
51548
41476
58172
23736
34976
18276
2584
17864
0
14968
11176
15284
21160
28024
15804
50276
37684
51820
60512
45804
65444
33724
42684
31448
18164
24000
21608
9156
13988
3960
5072
19752
1432
41140
29828
44248
55480
42820
58572
42416
46180
49516
39208
34468
33252
10316
20760
0
7592
11948
5064
26160
25368
27952
41248
29620
50816
51236
47216
65532
37064
53500
28776
21752
27444
10892
14920
12320
10044
14844
13004
7224
32584
17492
50456
44764
47020
59720
39312
56140
37640
36240
38120
29516
21948
22240
1304
15372
1656
4056
25120
14264
34960
36044
32388
47116
41092
51228
54088
39332
55616
40392
30912
31380
8292
14464
14808
5332
21372
10368
14716
25964
15828
34828
37396
40784
61212
42952
56480
46664
38376
37004
28280
20356
31136
11824
15500
11624
0
23952
2540
30520
28880
34984
48008
44936
45584
45444
42636
47708
45852
29640
40484
12488
19952
9316
808
21012
1476
29096
20052
25180
36860
31392
41552
51492
45900
61420
38176
48444
33884
23376
23576
13404
13456
16580
9908
14600
15488
7672
34552
20788
49124
44536
47244
56748
37584
51720
34228
32796
35620
17968
25568
13480
1416
15140
0
26992
14140
30988
39764
37724
46520
42196
46080
51556
41764
47392
35628
24584
27280
2488
12892
5240
14616
15812
14948
26172
30528
26864
44372
38344
58472
49840
48100
44284
28476
35932
15356
18144
14576
13548
15124
8864
8916
23068
16268
44868
31448
55608
45864
49484
42616
40120
40212
36144
23216
30552
8076
18932
0
10344
12700
18664
31232
27808
38284
42524
40652
47476
42168
52008
45212
33996
32652
10312
24268
5364
14632
9244
16408
20608
19340
22016
35744
32768
55052
39500
58196
39820
45476
32652
26456
26964
22104
15992
19332
5784
18640
6424
19556
26728
29664
46248
38728
47132
43100
44164
43648
38148
36340
36252
17848
26484
4212
15080
9168
12504
24680
22148
29816
34768
26464
45992
37668
47268
48304
39280
49504
22904
30636
19268
16264
22568
9364
21352
17080
12036
25248
18388
36752
37492
37992
52308
38580
48728
33176
37048
34292
28424
24220
22464
12860
20528
5404
16540
17184
24224
34160
33056
38968
40808
37000
42892
38360
40936
39332
28068
33432
16980
19060
16856
11216
24288
14288
30860
26736
25276
35884
34060
44844
47384
37624
51404
27512
42228
18828
24960
21512
19776
20564
19452
12964
29888
13260
35944
23900
43212
40572
41092
43516
35656
37356
35564
22500
34544
18280
29856
14932
14716
20764
16148
29788
28820
32188
40992
30780
42300
33644
41864
37268
33988
38000
28076
24652
23740
15816
27544
18232
28604
26392
29196
33792
28328
32164
38884
37364
44092
31260
37388
29272
32076
28452
21968
24256
26876
24040
25812
25348
26008
30068
30852
33552
35948
32076
38312
30324
38908
29392
30352
32824
31276
31752
31604
32020
31476
31800
31996
31812
31732
31848
32220
31928
32020
32140
31972
31912
31976
32144
32180
31948
32216
31908
32336
31828
32028
31664
31944
32216
32124
32232
32188
32152
32260
32484
32740
32172
32792
32544
32732
32544
32380
32676
32672
32608
32336
32364
32392
32844
32380
32420
32124
32808
32748
32336
32772
32624
32460
32544
32572
32600
32652
32304
32752
32460
32496
32564
32404
32460
32464
32784
32532
32412
32564
32740
