32292
32644
32580
32636
32668
32540
32524
32216
32832
32644
32488
32636
32496
32716
32472
32872
32640
32668
32552
32584
32588
32844
35324
34812
30496
26176
25768
28436
31828
35172
36096
34976
34552
31116
27492
24812
26316
31644
35860
36244
35516
30976
28156
40836
37908
31616
32228
41084
30660
35320
39672
31000
40256
33620
33432
35896
30300
35540
28960
31876
28488
29472
36352
30440
33288
29588
26440
29876
30136
26384
26688
30688
30992
29824
29732
27420
28532
30260
33860
32880
32756
34532
33636
34140
36108
38932
37252
33268
36284
34740
36952
34540
33232
28260
26308
33296
27744
28328
24900
25680
29168
33188
28480
30568
35256
35916
38376
35424
37888
40268
35220
34412
34088
33688
30464
21928
30272
26224
26000
22644
29604
37520
28964
35756
37440
44312
36556
36884
40716
34872
30972
27672
31440
21024
24464
24964
26488
24680
29604
42176
32104
39504
44124
46036
35264
36956
37772
31176
21072
23744
25876
18792
21596
28720
32308
28044
45776
37956
42616
42180
47164
35824
31904
34252
28548
14184
20916
26588
19100
21424
34408
41200
31192
48828
46196
41848
39760
43856
24796
29616
24072
21084
10404
27356
24104
23088
31884
51004
36148
46736
47844
47836
33396
34340
30276
21704
15720
22472
17328
18888
31232
31288
33676
46648
51128
40292
45940
49776
37544
17400
36908
18468
12992
11724
28412
19176
26348
36308
43300
38996
49924
50324
41636
42096
40076
34428
10712
29732
16684
15456
9296
26512
36424
23104
39044
47904
53880
38148
52152
45416
38296
28256
27724
26920
8680
18808
18144
16940
15936
36236
40120
34792
41984
58940
53212
33184
48468
43184
30180
13624
24552
19052
12080
13648
24116
27888
20668
48824
38648
47812
47232
58188
45224
31256
42048
32012
20160
3588
27784
12244
12352
17460
35884
36924
33012
50836
53492
46500
45776
53708
31272
31524
26352
24976
516
13500
20864
16096
14296
33000
57164
29224
52804
56880
57872
37664
41228
42020
20900
18428
18628
13904
1936
22504
20844
20248
27248
55228
47188
46372
51964
65532
45608
22976
46052
23192
16380
1020
21436
7124
13052
22564
32008
36196
40132
65160
45768
50704
58928
54540
20532
30680
25888
15200
0
14216
21076
10036
22900
40356
52544
34716
65532
52536
51600
45632
48816
21000
16980
19464
14444
0
10072
30820
14264
27140
48220
65532
36756
62124
57736
50472
29436
36392
22756
8652
5620
14676
1572
5580
38228
25392
35648
45296
65532
42048
55360
55656
52580
21920
11220
32888
3316
216
6848
21624
7720
30416
38156
47180
42688
65360
61668
42380
46020
48396
34428
0
24884
9444
5612
0
20888
36164
14360
47616
47812
60764
44112
62352
50068
39384
33756
29856
19784
0
20764
9260
3416
6228
40000
37152
33000
49904
65532
55108
37976
54640
39728
28492
10348
25912
0
5388
9604
17556
14340
21984
60336
32128
51516
56812
65532
38828
35800
43804
28236
5984
892
23284
0
8264
18520
30920
25136
45788
52576
51228
47816
60424
55440
22796
35344
27284
17988
0
13716
16924
7088
10136
32248
52920
25588
61172
52116
57268
43796
47188
43452
15588
25468
15432
8912
0
21288
16840
10724
19760
46452
57556
32888
60240
61124
52712
33072
39392
33036
13536
9296
11176
8436
0
20424
22292
21092
28232
61884
52508
44652
53396
65532
46256
15188
38760
19704
12708
0
12352
12812
1984
22832
30480
37440
33236
65532
47820
50996
49836
58600
39268
3496
35504
11704
5252
0
16920
19288
7400
25808
41620
54688
33904
65532
52300
50136
44480
43388
35092
0
25044
10260
676
0
20016
27380
12424
30008
51944
65532
36188
62740
57060
49896
32824
28524
33336
0
15976
5960
5628
0
20012
35284
21016
35964
59136
65532
39220
54000
57824
45564
17148
19276
24456
0
256
8672
13700
3736
33632
35580
40524
41924
65532
60628
39792
47416
51440
31940
0
27704
6132
3456
0
19060
26832
11532
46572
44084
53556
46444
65532
45980
37820
39920
33776
11676
0
21644
5384
0
5736
38732
27432
31164
46992
62876
52732
42588
56332
41044
30280
21140
27468
0
4060
11920
12688
1388
14564
52380
28100
44428
47892
65532
47092
32764
53452
34416
22972
1372
25868
0
4932
10800
19372
17632
19056
59404
35844
49112
51560
65532
45996
26480
44548
29768
13796
0
24736
2828
6572
11332
25168
34056
23696
60080
42804
52624
49424
57000
38644
23696
34336
23468
4704
0
24748
7532
6224
17216
43780
35960
39612
52932
56956
49116
41544
50588
24092
24672
19872
20128
0
9140
19296
9332
12548
31088
59380
25836
54860
55988
57260
36612
38320
39216
17912
14188
13368
7844
0
21320
16568
15760
22880
58776
39708
44180
52816
64104
41712
22888
44228
18248
11472
0
20068
0
11988
21576
24216
26864
45680
55680
43584
48124
62492
47140
14544
39432
22088
9680
0
19960
7900
6064
21840
33728
33880
43164
58760
46572
47500
52508
46216
12268
31608
18620
7216
0
21836
13032
8148
24956
46472
37972
46640
54152
54936
41720
41504
40956
8732
24332
13676
976
0
23552
14768
14956
31020
60036
33988
50824
54228
54276
31516
34380
30936
9200
12480
13136
0
6000
27712
19144
25848
40692
64292
33888
49548
57768
43308
17780
35324
17608
10960
2364
15312
6892
14396
27872
28884
33900
48756
56156
40196
44572
52736
38580
8084
32552
14944
8112
0
22624
13272
14628
32896
37460
38476
46240
53880
43772
40052
41216
41060
5068
25956
17668
8888
0
19224
27472
14360
32284
43740
47852
36708
54060
42396
40804
32560
34352
19196
10856
17872
15220
0
14360
33708
19452
31568
38124
58824
35164
45648
47344
41120
28424
23388
27776
9652
12692
17572
12512
6808
36260
25312
29412
39668
56632
40880
39868
44768
43040
26256
15212
33528
9072
14068
13680
20512
13632
27708
36628
33056
37044
55588
40956
36084
44024
36272
30916
8988
29528
15068
9832
10344
25732
18592
27112
35684
39128
37876
44860
45940
35248
38272
40144
27960
11792
31636
13260
14604
13856
27212
27852
26280
36700
45292
34684
43244
41928
34340
35240
31444
27836
11324
24352
20872
12380
14316
34812
23272
30172
37772
42952
37928
41376
38796
37476
30748
28352
30308
17160
27584
22248
21264
22320
32928
32424
29220
33800
44544
31492
36816
39716
33440
32368
26948
31924
27068
28144
29340
30880
27360
27840
34520
29996
32484
32284
32480
31772
32220
31892
32088
31984
32088
32220
31856
31716
32164
32148
32320
31924
32004
32064
31860
32324
31768
31984
32100
32112
32124
32056
31968
31728
31956
32988
31932
32388
32568
32636
32932
32632
32620
32348
32972
32656
32888
32564
32316
32556
32656
32500
32872
32344
32648
32564
32568
32800
32772
32620
32300
32700
32608
32640
32524
32632
32800
32688
32524
32240
32672
32448
32348
32856
32380
32484
32548
32700
32392
32768
32396
32500
32332
32576
32592
32172
32864
32420
33152
32352
32656
32632
32640
