478063.5
478755.3
133197.3
113083.3
114251.5
115958.3
114991.8
119121.3
125774.5
129706.3
132791.3
136223.5
142806.3
149766.8
155076.5
157966.8
163959.3
171656
178442
181012.8
187476
200112.3
205684.3
210305.3
214011.5
225223.8
237535.5
241427.3
246900.8
261008.8
276567.5
280609.3
283798.3
296173.3
310873.8
321342.8
323614.3
333632.8
350499.8
366428.3
370727.3
379576.3
397359.5
411471
413605.5
427266.8
444044.8
459740.8
477247.3
490353.8
496388
515751.8
541792.8
552502.8
560140.8
580813.8
603146.8
613049
623836.5
637908
663627.3
690080
698845.3
703181.5
731301.8
766431.3
772587.5
772193.3
805683.8
840592.3
846042.3
846002.5
873597.5
905033
919167.8
928656.5
946388.8
976582.5
1010290
1021803
1033801
1065373
1100555
1120320
1127850
1150379
1178307
1199842
1217035
1235323
1276128
1298218
1303105
1324918
1362692
1380613
1392269
1404658
1435133
1464151
1502347
1508703
1528968
1559473
1593313
1605243
1616203
1649990
1687061
1696972
1713162
1743182
1778052
1798141
1815048
1840246
1880440
1917592
1923763
1932987
1951387
1996475
2002228
2034612
2007440
2082102
2112708
2084223
2127463
2165393
2198115
2193240
2217632
2260734
2271372
2299219
2324976
2352428
2349631
2369348
2408478
2446176
2455972
2462610
2467758
2480189
2485451
2502623
2513706
2545385
2600856
2612146
2607745
2608575
2627535
2646831
2662519
2665874
2684974
2703797
2731995
2733682
2742269
2787068
2830097
2807330
2772151
2792250
2851626
2852167
2816620
2838683
2893252
2904364
2871951
2867083
2910883
2933363
2917532
2907980
2927438
2946384
2950450
2946612
2938220
2948730
2971748
2971009
2960784
2963194
2992277
3002670
2974815
2961834
2989714
2994929
2969906
2956326
2978590
3011471
3016129
2977423
2965025
2995501
2996737
2964204
2963701
3002443
3032739
2988692
2959681
2973868
2994420
2981045
2971534
2979024
3001522
2998670
3001312
3002436
2998038
3002423
3019889
3001385
2986258
2987823
3003315
2984133
2958639
2977881
3004615
2973800
2966965
2991320
2978146
2975150
2973335
2979808
2974902
2966756
2968673
2966194
2967682
2946212
2946598
2922841
2919343
2933712
2962650
2967912
2956298
2922453
2917870
2911409
2925010
2917734
2897344
2916761
2942411
2893796
2859044
2897174
2970883
2936724
2872587
2891103
2934395
2900898
2887686
2917772
2964224
2947670
2870478
2845440
2847667
2846298
2857648
2880434
2875392
2894978
2889332
2867104
2844463
2873334
2902427
2880847
2858289
2881388
2906211
2920690
2891962
2883247
2877471
2884099
2889344
2874418
2888499
2900778
2901419
2895393
2887410
2901193
2921929
2932642
2933054
2919034
2912469
2910973
2930199
2928186
2921015
2930716
2973674
2952104
2946079
2955196
2985305
2974296
2964649
2962655
2972697
2961738
2932585
2939055
2981234
2986004
2976001
2996283
3001895
2991167
2990026
2994917
2985341
2954618
2965214
2984904
2963906
2925726
2950406
3009117
3015057
2992734
3002791
3071472
3053066
2972528
2982075
3044431
3061828
3035849
3016623
3033231
3054246
3063546
3043209
3043594
3046958
3053969
3046108
3033307
3037197
3059616
3090343
3045780
3033826
3052097
3091388
3087911
3047330
3070134
3117730
3105229
3062855
3069619
3122139
3157497
3123806
3091183
3129871
3141620
3102312
3084460
3121671
3172269
3176423
3155842
3160134
3182510
3188623
3185671
3181078
3175747
3197785
3211566
3180299
3175414
3214091
3241620
3221204
3169716
3164932
3199150
3236341
3224319
3208403
3234094
3251066
3227179
3223291
3249218
3278943
3291109
3257126
3255178
3270108
3272219
3257836
3284320
3331400
3341166
3332497
3309327
3317335
3302330
3301527
3294367
3318188
3332944
3323631
3341635
3340425
3344287
3306926
3331815
3365253
3347149
3331382
3347207
3357281
3361612
3351288
3372655
3399165
3393079
3381652
3404141
3441048
3436676
3421701
3403440
3397740
3406711
3415051
3406028
3416935
3418658
3412384
3412593
3415981
3428012
3438136
3436937
3439074
3443621
3431227
3433588
3439702
3463649
3471766
3466120
3473839
3475393
3466958
3463124
3482700
3513794
3494315
3485796
3495945
3506675
3520242
3534213
3551736
3552952
3538134
3542133
3564598
3570225
3577309
3582660
3597497
3612332
3581184
3559074
3548677
3570711
3574576
3587547
3601337
3604338
3594503
3580047
3614169
3649368
3657636
3614674
3600640
3632139
3649335
3639739
3628951
3671129
3699041
3696600
3655394
3656863
3699061
3705241
3691616
3686233
3696889
3703128
3693899
3707875
3727716
3755223
3738530
3726075
3731491
3737807
3735509
3734704
3719925
3728391
3753905
3747914
3722700
3722309
3766763
3785899
3767932
3755943
3775519
3789413
3792202
3763193
3757875
3760208
3786937
3802796
3814396
3801375
3801800
3788193
3777376
3818097
3833667
3856488
3848308
3830445
3807683
3796278
3814375
3836349
3855086
3859331
3852073
3852185
3853411
3865325
3849328
3850003
3835870
3809992
3797078
3795366
3825018
3858777
3861284
3858997
3847138
3852454
3868960
3869919
3872868
3868593
3875487
3890320
3886639
3891811
3902135
3908871
3890811
3850330
3861102
3867295
3886572
3886291
3874211
3855470
3825874
3831629
3840428
3840503
3855681
3857323
3880719
3910173
3927119
3873541
3845704
3866385
3913288
3916461
3892087
3870091
3856309
3858076
3838050
3844639
3861877
3901364
3868167
3811245
3787742
3810302
3828189
3822818
3823541
3832895
3839250
3808148
3771521
3804806
3848831
3839459
3800585
3766298
3774858
3760124
3720997
3709697
3765061
3829053
3811044
3752107
3739566
3776993
3839983
3819362
3744215
3716720
3767639
3830126
3783829
3712135
3706786
3791703
3853812
3778758
3664239
3649168
3715231
3776085
3742398
3691780
3677437
3677565
3709431
3693553
3676517
3667183
3636501
3634862
3630943
3655981
3635556
3609432
3612713
3616005
3635541
3623718
3601174
3587873
3603094
3608597
3599663
3599841
3596254
3643291
3632013
3590461
3557219
3565695
3565242
3567205
3554173
3528074
3534561
3517628
3503080
3499343
3523305
3509166
3477062
3452017
3466867
3474867
3475951
3436146
3399985
3412459
3454849
3466535
3439971
3396420
3380600
3384868
3407698
3395292
3381126
3388959
3387710
3373948
3354331
3362972
3383622
3376032
3342560
3328793
3318602
3303803
3275596
3277481
3285069
3283236
3277859
3231940
3236615
3245439
3260223
3285481
3243495
3198999
3160722
3159288
3157766
3152956
3155339
3125811
3094078
3075346
3089526
3114957
3121517
3083276
3033834
3013789
3026312
3037865
3033111
2986591
2958919
2952593
2937577
2946014
2933169
2921374
2913244
2905682
2887535
2881435
2897576
2884131
2869607
2845664
2816142
2837286
2842581
2824883
2787726
2771321
2777612
2790541
2794247
2739774
2680359
2687850
2689490
2672016
2654455
2633769
2621640
2621106
2620027
2608441
2571749
2558268
2542147
2541911
2537150
2523036
2533001
2517189
2488829
2470627
2467929
2466575
2463981
2444470
2430750
2418283
2402121
2395460
2402939
2393190
2369220
2346518
2322981
2293962
2260300
2244798
2247281
2254582
2249575
2220413
2197626
2186298
2189807
2200844
2192522
2157592
2117432
2110800
2137282
2154999
2117474
2052906
2020748
2028088
2057409
2077457
2033034
1979814
1958719
1975715
2000382
2001506
1950371
1914152
1901367
1896075
1885858
1869598
1846396
1841709
1840049
1820256
1795575
1777940
1797292
1819700
1812382
1764105
1731054
1730892
1744782
1753847
1737165
1705012
1680610
1666418
1670571
1674259
1665229
1641238
1621605
1612851
1621831
1619972
1596316
1577734
1561229
1545719
1540309
1546264
1534873
1514744
1497177
1480765
1471563
1468471
1463318
1447336
1431612
1418465
1419580
1423460
1415360
1400573
1381711
1368487
1365673
1356611
1351337
1337538
1330842
1337233
1329090
1314357
1306534
1295500
1283665
1285761
1268879
1246553
1235365
1226434
1222016
1214597
1198243
1193905
1196183
1184333
1182244
1157456
1146221
1143645
1134538
1117985
1101285
1092690
1082333
1084022
1074345
1066231
1058000
1041418
1030478
1028253
1021440
1011232
998077.3
988282.3
981155
980239.8
975622
972481.8
958729.8
944190.8
935520.8
927452.3
924688
911469
903724
891636.5
877804.5
875389.8
865968.3
853543.8
851529.3
844276.5
833405.5
827922
814547.3
800421.8
802122.8
796645.5
781241.8
768751.8
764517
759413.8
745470.8
743523.8
737089.8
726631.3
720153.8
714919.8
709372.8
697986.3
696770.8
690774
687478.3
681475.8
670875.8
661795.3
654583.8
648275.8
634198.8
624033.8
614793.5
612992.3
605373.5
610136.8
567016.8
559283.8
587163.3
576148
569283.8
561171.8
549494.8
536025
530127.8
527027.3
524795.8
525053.3
517977
510931.8
497897
487881.8
482999.5
477620.8
473583.3
468752.8
460071.8
452598
447481.3
441965
435769.5
430745.8
421298
412830.5
412622
407762.5
