269575.5
270743.3
153665.3
130219.3
128055.5
131666.3
134507.8
135781.3
140530.5
151602.3
154687.3
154311.5
160418.3
169282.8
174116.5
179862.8
187283.3
194028
200338
207192.8
211752
221056.3
228532.3
232677.3
240191.5
256639.8
263239.5
264275.3
280220.8
294804.8
298939.5
304409.3
313786.3
324257.3
338481.8
347998.8
354554.3
366952.8
384295.8
390704.3
395003.3
413372.3
433535.5
440983
440737.5
460110.8
490216.8
492584.8
497239.3
521293.8
539704
545263.8
563688.8
587250.8
599172.8
619369.8
630278.8
636373
662868.5
686936
687903.3
714356
757393.3
752209.5
749865.8
802131.3
833039.5
803609.3
827579.8
888668.3
901734.3
880274.5
902157.5
947873
977239.8
982920.5
981612.8
1021803
1081214
1076067
1053317
1114877
1195755
1197432
1178782
1213687
1264463
1280762
1283199
1303391
1367996
1423406
1405921
1386322
1452656
1509609
1497941
1470346
1549849
1623611
1625155
1601047
1641780
1700845
1719453
1729003
1759955
1803738
1833669
1835012
1865006
1926442
1992252
1984257
1976412
2047306
2122724
2101804
2097503
2223347
2267451
2191159
2178348
2326876
2318744
2306774
2336904
2421707
2485415
2443853
2437067
2504068
2588436
2621542
2546024
2582439
2703872
2761312
2665219
2693028
2877338
2987388
2874852
2819134
2909962
3004741
3000483
2999567
3071102
3193221
3240124
3151930
3124681
3230707
3341059
3355595
3322731
3340842
3421822
3487293
3482171
3425786
3519101
3730500
3748301
3530374
3540415
3812318
3879310
3626619
3628200
3886835
3960920
3785440
3730655
3883819
3962367
3895835
3828120
3862836
3965594
4002628
3920538
3834828
3883556
3975462
3949452
3869697
3902312
3995638
4016153
3923254
3865411
3904314
3971702
3961209
3893822
3844542
3914406
4069619
4072373
3873731
3868949
4093633
4108673
3836236
3855249
4166739
4238447
3959732
3866461
4062956
4197272
4106309
3973514
4013372
4190570
4243410
4017572
3917308
4188990
4399007
4111357
3843905
4104382
4365367
4116679
3849025
4045823
4273553
4121787
3895336
3964185
4130388
4100554
3970466
3877735
4005112
4184418
4106300
3880689
3890586
4080094
4016736
3830530
3814865
3949407
3949020
3869906
3828996
3815478
3847321
3928418
3849605
3687562
3725030
3843632
3769277
3644987
3717752
3861024
3773014
3659655
3678332
3728911
3671267
3645539
3623466
3616442
3602736
3675844
3626446
3468334
3490420
3612599
3543162
3442652
3562542
3667456
3562330
3440540
3529220
3596067
3519266
3512183
3581519
3558485
3479244
3519299
3600894
3525042
3461111
3512455
3567635
3481964
3427054
3494923
3527670
3475951
3483729
3540958
3532845
3520737
3534306
3506634
3424070
3431309
3513589
3516631
3406566
3371311
3443368
3489182
3386692
3378763
3462136
3502717
3425068
3361633
3390103
3450601
3420602
3317669
3329375
3460566
3480568
3373461
3324723
3401259
3452411
3388438
3309553
3339485
3372070
3338398
3311440
3332330
3367454
3373094
3396581
3411089
3398286
3402155
3507012
3527638
3390932
3347643
3485683
3583524
3502329
3416463
3493999
3612118
3561918
3445429
3533874
3680038
3607557
3422148
3427911
3555561
3595592
3562535
3546532
3588366
3554753
3507888
3543443
3585210
3608490
3611342
3599793
3537903
3490879
3527691
3632069
3627890
3493403
3462119
3547172
3571172
3518096
3524367
3627325
3632431
3535214
3486194
3593298
3701751
3683567
3618522
3597483
3639989
3650438
3628691
3663314
3749115
3794732
3735284
3676656
3656640
3690382
3750897
3822175
3829107
3810530
3757530
3739831
3780211
3790906
3775411
3848029
3932570
3913962
3795136
3744411
3838556
3953100
3943536
3888090
3955581
4017615
3940895
3781662
3789903
3915547
4016956
3977448
3886263
3934731
3996829
3976891
3873366
3908727
4039269
4064957
3967794
3877471
3913725
4041816
4080520
4009543
3948469
3999503
4096128
4091485
4043664
4063092
4177113
4185032
4030344
3950779
4066219
4253784
4286111
4177402
4147328
4262729
4314193
4213888
4181648
4341337
4565290
4521761
4253755
4186620
4397890
4521321
4370454
4232004
4385379
4583997
4485122
4255188
4275240
4483406
4449171
4246444
4219465
4452487
4582198
4420525
4282872
4360248
4470142
4383225
4293354
4401797
4609753
4567028
4354813
4320144
4491772
4570574
4450697
4397523
4521816
4618087
4496693
4354038
4442259
4641051
4706589
4555672
4492540
4561438
4608808
4523687
4445207
4556039
4719467
4737369
4552509
4477716
4586926
4756899
4780533
4663429
4600776
4670601
4730761
4693208
4641615
4718423
4837748
4852879
4701478
4612863
4688727
4772155
4729873
4600072
4545785
4616607
4688769
4607570
4492868
4507233
4640223
4695059
4622352
4557527
4605663
4677153
4658046
4552401
4523283
4627480
4752741
4760032
4672148
4621999
4684780
4748285
4737944
4737729
4742827
4784212
4769368
4714377
4686855
4725906
4767803
4723613
4661430
4649967
4711729
4743257
4702119
4659293
4639488
4641591
4567006
4514948
4537258
4600282
4607562
4532317
4507692
4599653
4690134
4652610
4551068
4506807
4541172
4580689
4585203
4590992
4593975
4586295
4561871
4565275
4585771
4591938
4568438
4514179
4501564
4537459
4543943
4530438
4490370
4479465
4473508
4454543
4485429
4502779
4520463
4508505
4510219
4479013
4464028
4462337
4458784
4408169
4367135
4372271
4394665
4387388
4281206
4218299
4261717
4406876
4413187
4230125
4056682
4089238
4240881
4323570
4242897
4128491
4130562
4209416
4236097
4227018
4193931
4182179
4207565
4235158
4208018
4121408
4069905
4160945
4282473
4273637
4122824
4059127
4209378
4334865
4274571
4054030
3960795
4096092
4249827
4248054
4027065
3903963
3943358
4092535
4190344
4104818
3905095
3811960
3896111
4081677
4136526
4031168
3883069
3846545
3979799
4077209
4056365
3937075
3834517
3840018
3886555
3941105
3876412
3781268
3772649
3811641
3834033
3754142
3676858
3681645
3797778
3817085
3702003
3631257
3714778
3883195
3837645
3676617
3626715
3757523
3819902
3725713
3599869
3653262
3782557
3724688
3492132
3380819
3546629
3721462
3638902
3365861
3255999
3406323
3570199
3513258
3318589
3289175
3404393
3458919
3374759
3285036
3335380
3412952
3397226
3292952
3285450
3421327
3491478
3394416
3208199
3209224
3366010
3491700
3390160
3192181
3120586
3199559
3287020
3265105
3149409
3072844
3106975
3113892
3089531
3024575
3040787
3113645
3124495
3063815
2948902
2890348
2898346
2968744
3043479
3011571
2856554
2713110
2734906
2880289
2986809
2882404
2654938
2538741
2585060
2716565
2765599
2658627
2524807
2466121
2490613
2564262
2592829
2571514
2512452
2468714
2465323
2500159
2545336
2543315
2483571
2461056
2460570
2488378
2486057
2447415
2404546
2399565
2388720
2349289
2310631
2251874
2193411
2186146
2180170
2171740
2126571
2035913
1988560
2028486
2157831
2185753
2068141
1935184
1917159
2058771
2180150
2147948
2040341
1959317
1982365
2029375
2042385
2011043
1983221
1953714
1901914
1846607
1837585
1870908
1900283
1846266
1743756
1688686
1693709
1723238
1719088
1685498
1645617
1607698
1604595
1621605
1687830
1685546
1620987
1544440
1546590
1626852
1685700
1621948
1531810
1507163
1547702
1565482
1509524
1424520
1423853
1501497
1513718
1429082
1322783
1323119
1412046
1484094
1422011
1312488
1250199
1272039
1331318
1355994
1301852
1248613
1213633
1205264
1214855
1235300
1256080
1257068
1231186
1181005
1147954
1151124
1179294
1215015
1221657
1172368
1095130
1046190
1074143
1138283
1179709
1124302
1031365
985958.8
1034923
1102084
1110796
1048898
998121
985943
1014805
1036944
1006037
971628.3
961676.8
974776.8
960815
936302.5
912586.3
908028
923243.8
920569.3
904072
894623.8
883668.3
877448.8
876675.3
871067.3
862540.5
859667
847253.3
834881.8
830090.3
837433
834526
821696.5
805305.8
798079.8
796240.8
806428.8
801447.3
781501
760792.8
743293.5
736495.8
736217.3
735570.8
741704.8
741126.8
716900.8
699579.5
682883.8
689261.3
710961.3
712801.5
687681
655272.5
638585.5
657741
685610
692117.3
669246.5
635788
607305.5
618261.8
642216.8
649683.8
636144
607281.3
590346.3
599403
619907.8
622430
613577.8
593637.8
580050.8
577568.8
574260.3
568164
557801
554816
551296.5
544128.5
534097.8
522296.3
512727.8
510237.3
517740.5
520197.5
513762
505147.3
498161.8
486534.8
481533.5
474697.8
472679.8
482249
478097.8
457014.8
443643.8
438637.8
443411.3
452165.8
449787.8
437100.8
423334.3
419262.8
420406
422822.3
419199.8
413359.8
402375.3
394687.8
387427.8
374302.8
368897.8
371081.5
372612.3
365945.5
358332.8
323780.8
322235.8
348211.3
347668
345087.8
327931.8
314826.8
315161
323067.8
326631.3
319163.8
305617.3
296161
292923.8
298453
297005.8
287363.5
271512.8
260811.3
257408.8
260627.8
260294
257557.3
249185
241085.5
234633.8
230898
232902.5
235550
234974.5
