212931.5
213147.3
118441.3
105467.3
106635.5
105486.3
103567.8
108173.3
114826.5
120186.3
120415.3
124323.5
129954.3
137866.8
140796.5
142734.8
149203.3
160232
163210
166256.8
175100
183928.3
188548.3
192693.3
196399.5
206183.8
218971.5
221911.3
226908.8
239112.8
255623.5
253953.3
258570.3
271421.3
286597.8
295162.8
298862.3
306024.8
324319.8
336916.3
338835.3
346732.3
366419.5
379579
381713.5
392994.8
408344.8
422612.8
437263.3
449417.8
453548
471007.8
497524.8
505854.8
510160.8
531785.8
553642.8
558309
568620.5
581740
605079.3
630580
641249.3
638921.5
667041.8
700267.3
705471.5
704601.3
732379.8
764432.3
769406.3
770794.5
795057.5
826017
838247.8
844404.5
859280.8
892806.5
920801.5
930411
940029
968745.3
1001547
1018456
1021226
1041851
1068827
1088458
1102319
1122511
1157128
1177314
1178869
1196398
1231792
1250189
1260893
1270902
1300425
1322779
1356691
1364475
1377600
1408105
1433853
1444831
1455315
1485294
1522365
1525136
1541326
1569918
1603836
1619641
1635120
1655082
1689564
1723860
1732411
1736399
1749087
1787987
1801832
1821840
1797048
1867902
1890892
1866215
1902791
1938817
1959639
1961428
1981060
2019878
2025280
2049319
2072696
2103480
2094495
2112784
2145250
2179616
2190840
2197478
2194058
2203633
2206515
2226067
2226678
2259785
2320968
2327974
2315481
2312027
2327179
2345047
2354071
2365994
2382238
2395349
2419739
2412382
2422397
2463388
2500705
2478890
2438951
2462858
2520330
2515635
2482944
2495487
2547200
2557360
2521139
2521031
2561975
2579219
2564816
2548600
2566630
2579388
2584882
2574380
2570748
2580306
2599992
2601157
2589504
2589058
2614333
2620442
2591159
2580082
2606058
2610321
2588154
2571718
2591602
2622579
2628189
2584247
2573277
2601373
2603561
2565316
2563861
2598795
2631471
2588376
2553177
2569268
2596008
2581681
2566934
2574900
2594066
2587406
2585288
2584508
2583918
2585447
2600533
2587741
2560714
2561327
2581579
2557637
2534999
2558049
2584783
2548732
2537137
2558636
2549746
2539134
2537319
2550456
2539362
2535024
2538369
2529226
2534998
2510672
2507250
2482065
2480947
2493412
2519494
2525708
2517426
2483581
2471382
2463969
2483282
2473150
2452284
2469321
2493067
2442548
2404464
2444498
2518683
2477860
2419435
2433667
2484575
2441558
2425014
2454624
2497268
2474050
2403998
2379436
2383091
2389814
2391644
2403958
2400820
2417074
2411904
2386820
2365131
2394478
2419287
2398183
2374197
2392060
2409743
2419462
2396446
2386303
2376719
2387155
2387640
2375094
2383463
2392410
2389719
2379409
2369998
2381401
2407373
2412374
2412786
2393530
2384109
2385469
2401839
2399350
2389323
2397596
2435794
2407560
2402011
2410176
2440285
2426420
2410109
2406687
2421489
2406246
2380425
2383563
2419554
2418136
2409561
2424607
2432599
2419967
2419302
2424669
2405573
2375802
2391158
2412752
2378426
2346910
2370162
2426969
2424341
2389642
2406363
2474092
2454258
2377052
2379459
2444195
2455404
2418477
2394967
2416335
2437350
2442366
2421077
2414322
2418638
2425649
2415408
2401179
2398405
2418920
2449647
2405560
2387894
2405689
2444028
2432935
2390450
2409446
2461802
2445969
2394551
2399887
2455263
2481577
2436938
2411455
2450619
2465700
2423536
2403780
2430519
2476833
2475275
2456598
2457082
2478030
2483191
2477859
2463270
2462223
2479501
2489950
2466299
2453798
2485811
2511436
2486736
2435724
2434748
2469918
2496637
2475571
2454419
2481062
2494226
2470339
2463119
2488570
2514487
2520941
2479342
2476442
2490420
2489675
2475768
2496540
2539336
2541486
2526153
2496319
2508611
2499318
2490899
2483739
2503752
2513272
2504435
2514823
2512185
2514143
2479162
2501195
2531301
2509389
2490290
2503259
2513809
2505288
2494964
2511095
2543317
2530091
2510096
2525921
2564732
2556552
2534437
2514272
2515236
2523255
2520647
2507340
2513963
2518066
2507508
2501529
2500633
2506952
2514696
2513021
2511350
2516373
2499219
2497296
2500078
2519741
2519290
2511264
2521839
2521013
2514006
2508744
2521180
2540850
2520419
2515232
2520621
2525639
2534446
2538897
2553088
2547164
2535678
2539201
2559286
2554917
2557241
2562592
2580285
2583696
2547788
2523298
2520993
2540171
2540228
2540823
2551281
2557614
2542543
2522851
2552689
2578844
2585208
2547006
2537732
2562567
2566911
2559219
2544623
2578709
2602813
2588472
2555358
2559683
2601881
2596637
2579204
2561445
2576861
2586432
2581487
2588799
2594836
2622819
2595178
2581295
2579095
2586363
2590253
2579452
2566577
2567427
2588657
2578858
2555072
2555157
2585807
2594947
2571268
2565943
2587423
2591797
2589350
2563197
2555975
2555928
2571709
2582332
2590124
2588051
2584668
2565825
2555008
2588589
2598923
2614604
2606424
2588561
2565323
2548682
2568207
2584469
2597494
2586507
2579249
2578885
2576303
2592501
2571744
2575275
2565902
2534788
2523778
2523018
2546958
2574053
2561328
2553329
2541946
2550118
2562340
2562347
2562916
2559593
2562203
2572752
2558599
2564723
2569335
2582259
2559915
2522290
2528778
2535447
2551392
2540163
2528083
2512674
2490218
2495973
2500964
2498183
2500033
2490727
2510315
2545005
2554335
2499805
2470064
2487889
2536220
2535585
2510735
2491595
2484477
2478628
2462410
2459955
2475765
2514300
2478247
2423705
2406390
2432758
2443981
2429090
2429813
2439167
2452662
2418228
2386361
2421550
2456531
2439067
2391149
2369714
2383510
2366872
2330601
2314541
2361813
2423901
2396372
2335055
2321086
2368985
2446731
2415162
2327163
2302048
2357251
2423070
2366777
2292703
2295446
2372747
2430572
2347902
2241951
2232592
2297703
2362841
2320110
2258068
2248961
2257181
2289523
2265553
2250897
2234899
2210881
2215906
2212463
2230361
2209936
2189524
2194233
2199905
2213729
2192862
2171746
2168917
2189850
2194877
2171187
2153753
2159210
2202439
2194017
2151037
2123983
2133887
2137242
2138729
2117605
2104834
2103705
2098672
2086028
2082291
2094829
2083070
2050490
2033061
2056003
2066383
2055567
2010526
1982457
1997311
2043033
2052339
2016731
1977464
1969736
1979716
1997786
1986808
1972642
1978571
1973038
1959752
1945847
1954488
1971330
1961836
1937884
1928401
1922018
1903411
1888532
1885181
1896101
1908072
1896507
1851540
1848123
1861231
1877919
1897465
1864523
1826691
1786510
1779840
1789266
1793976
1799691
1769211
1735098
1722078
1741018
1769305
1767773
1725724
1685802
1675753
1687324
1703161
1699359
1662359
1645635
1640261
1642381
1644154
1635117
1621418
1612336
1610486
1601859
1594807
1605712
1596551
1583455
1570460
1554266
1568270
1583561
1568243
1531086
1515633
1527636
1546753
1540939
1491226
1445139
1453582
1469978
1460596
1437323
1416161
1416408
1413970
1416699
1404637
1377941
1367792
1353099
1360479
1362382
1349696
1355377
1346229
1325961
1313471
1314105
1319415
1319677
1309210
1292634
1283023
1275429
1269244
1275771
1272210
1254904
1235534
1213901
1196782
1181208
1173322
1173425
1174062
1172863
1153221
1137098
1127674
1141655
1156024
1148654
1117532
1083560
1083592
1116262
1144927
1114542
1058542
1026384
1035152
1073041
1091661
1051998
1004014
984822.5
1006103
1036482
1035702
992183
959296.3
952223.3
955499
954325.8
939969.5
923431.5
921601.3
921844.5
911096.3
891174.8
881156
900507.8
922440.3
918930.3
883028.5
851881.5
848864.3
866561.8
885147.3
872748.8
841548
818574.3
816282.3
825670.5
834119
827945.3
808714
790032.5
788418.8
797398.5
800300.3
784260
771865.5
757265
747467
751577.3
758959.8
753756.5
736484.3
723200.8
713928.8
713295
716390.5
713618.3
699064
686671.8
680189.3
682256
688991.8
683748.3
669436.8
661523.3
654487.3
655956.5
653083
648285.3
642101.8
641118.3
646557
643174
629868.5
623949.8
618627.8
616788.8
619836.8
607239.3
595385
589908.8
580501.5
583223.8
581993.3
567542.8
568916.8
571194.8
560772.8
563919.5
549603.8
540749.3
543409.3
540013.5
530125
520564.5
513397.5
506849
510918
508381.3
498838.5
490608
484973.5
482601.8
485612.8
481655.8
475732
469241.3
459922.3
457555
460923.8
461066
456021.8
448457.8
439630.8
436196.8
432412.3
431552
425949
422012
410876.5
404660.5
402721.8
400440.3
393727.8
393141.3
388744.5
384061.5
377150
371391.3
366785.8
368010.8
366341.5
357125.8
351299.8
348017
350053.8
344202.8
341303.8
336297.8
331551.3
328881.8
328883.8
326668.8
320994.3
316446.8
314258
315246.3
314479.8
309591.8
304319.3
301391.8
296987.8
287670.8
282265.8
277309.5
279316.3
278837.5
278840.8
255236.8
246551.8
261579.3
256276
254647.8
252247.8
244854.8
237097
235483.8
234763.3
236339.8
235169.3
231425
229139.8
221341
216085.8
212631.5
214392.8
212259.3
210284.8
205887.8
197462
197105.3
193969
193485.5
191317.8
184250
181970.5
181762
179282.5
