364775.5
364039.3
180321.3
162587.3
161375.5
165462.3
166875.8
157201.3
151478.5
146842.3
139931.3
137651.5
145662.3
157858.8
172212.5
196522.8
223459.3
236392
249842
263360.8
260304
253424.3
242812.3
234105.3
225911.5
229983.8
236583.5
244283.3
279268.8
317176.8
341303.5
365813.3
397562.3
410889.3
415117.8
407974.8
385018.3
371712.8
370015.8
361192.3
355019.3
377196.3
426871.5
470495
496429.5
544838.8
608740.8
629196.8
621475.3
630297.8
614436
578107.8
571304.8
560594.8
546812.8
581765.8
623138.8
644941
726652.5
813552
845459.3
903804
962073.3
924521.5
895521.8
923035.3
873499.5
797421.3
823771.8
854872.3
854610.3
897410.5
965941.5
1054021
1167640
1227109
1239129
1312639
1355390
1276463
1196117
1202461
1209559
1168396
1143082
1180367
1289215
1405474
1489307
1565667
1706908
1817534
1786245
1710002
1724928
1714765
1601709
1496050
1535093
1589815
1626583
1693867
1814568
1972641
2098349
2167875
2220247
2281166
2259213
2150124
2107766
2111606
2084120
2014245
2011636
2138222
2276472
2330760
2425943
2672215
2803427
2742367
2700044
2830960
2779036
2680910
2555388
2553083
2621075
2564757
2533695
2679236
2881652
2980922
3002032
3139835
3285068
3362024
3307343
3267560
3313354
3328204
3146172
2987162
3034674
3148493
3145663
3189967
3409538
3661129
3781336
3771682
3810597
3917575
3984135
3917275
3734947
3647862
3676006
3637709
3528343
3498138
3707597
4017052
4122913
4037790
4178731
4520130
4619014
4307775
4225104
4409007
4339340
3962988
3773495
3899527
3987119
3961523
3983296
4167952
4428266
4612384
4613118
4568820
4608980
4593786
4423072
4226221
4084620
3998018
3952845
3868038
3853035
4018078
4186854
4257281
4402666
4576630
4636974
4690323
4692125
4474919
4292589
4311165
4149609
3761504
3773853
4111523
4199415
4026848
4135401
4484692
4716588
4743197
4694178
4678820
4725594
4668002
4316976
4005844
4124730
4268107
3967605
3760605
4129134
4514831
4451783
4403565
4700799
4925673
4777239
4553168
4474933
4417892
4250970
3978558
3729699
3832800
4092550
4086308
3992073
4191418
4529438
4634584
4559762
4528865
4589627
4471192
4238806
4052240
3895922
3739745
3752774
3739173
3653290
3805950
4100196
4186729
4207619
4426516
4565980
4417042
4269411
4163852
3995471
3836915
3712655
3512082
3494110
3606544
3748196
3822558
3871982
4024016
4223783
4291910
4229004
4253694
4254364
4044994
3763744
3656788
3580359
3471190
3471723
3590563
3699381
3802924
3985779
4208746
4276646
4259839
4285955
4304959
4085056
3808330
3754819
3658094
3472619
3476589
3579514
3590917
3713517
3951282
4081166
4116650
4265737
4385145
4329163
4212910
4111491
3917464
3713378
3545200
3487291
3489744
3567929
3594524
3639141
3848015
4156033
4304058
4239205
4295655
4430178
4339272
4095077
3911631
3770159
3619487
3497918
3420937
3428973
3551998
3719674
3868360
4054422
4285658
4429814
4482337
4493989
4441678
4289895
4128668
3923670
3633692
3439511
3469975
3625888
3674165
3743951
4081859
4481294
4628634
4653041
4851918
4971426
4727109
4393188
4180943
3958733
3775520
3663447
3542248
3598362
3772761
3939620
4196991
4538162
4782306
4886070
4993045
4992559
4789883
4611067
4458881
4138162
3808991
3683935
3603340
3582596
3705640
3906119
4231845
4575387
4759486
4838986
5063662
5241135
5176303
4994162
4710847
4320193
4033142
3867643
3694254
3711035
3937532
4053252
4167412
4524864
4906562
5152241
5398211
5580311
5502710
5206950
5035503
4747919
4242630
3945343
3911813
3840702
3868742
4065980
4266583
4528280
4983640
5411044
5642150
5777233
5870207
5743983
5261546
4890891
4697615
4395852
3956980
3799631
3934731
4047761
4251067
4594506
4984011
5340177
5675741
5917490
5938551
5844857
5831100
5592772
4931079
4440653
4294147
4078992
3812073
3895628
4212556
4560769
4933304
5309832
5611543
5866927
6152072
6340051
6188502
5815232
5643129
5303797
4544708
4115484
4219005
4361086
4318985
4440823
4822556
5287534
5726077
6062634
6256432
6424563
6606997
6599514
5994492
5402884
5210258
4778087
4170284
4008597
4270179
4494138
4599025
4940228
5439816
5881482
6179173
6395370
6579497
6715101
6619540
6150761
5506336
4972532
4589138
4230785
4002919
4162436
4586671
4901293
5108974
5522303
5985275
6355929
6592000
6728788
6781502
6636092
6202539
5693279
5166747
4609035
4295165
4174565
4214012
4515526
5043451
5509765
5852477
6177764
6491777
6743289
6898040
6930699
6785691
6338576
5719675
5103222
4572879
4251759
4209523
4318609
4496304
4908497
5445323
5921609
6267382
6508252
6705401
6873139
6961295
6835276
6306351
5520535
4868981
4481450
4186833
4052519
4241444
4672297
5092280
5490868
5911007
6296992
6608017
6845672
7012533
7050951
6827680
6412520
5862013
5115255
4504090
4238967
4112429
4197330
4597131
5125849
5590537
5983511
6331005
6616316
6832143
6973662
7030608
6890126
6417650
5738538
5014981
4436292
4164589
4103702
4124250
4336392
4774795
5298964
5782113
6183611
6515460
6776435
6963915
7043735
6928615
6522139
5851434
5062526
4373283
3999384
3942935
4093647
4382878
4776922
5266293
5744904
6147675
6480821
6747119
6946635
7046537
6967807
6530573
5829672
5143017
4598252
4077349
3767375
3826775
4117157
4496868
4956650
5467799
5930573
6318016
6621351
6830513
6862702
6723422
6488077
5967198
5095889
4322223
3819258
3494940
3482113
3849550
4344347
4870951
5406609
5870218
6223878
6484272
6691237
6853201
6904757
6693621
6036344
5063963
4345038
3995001
3785243
3563274
3661867
4158924
4722019
5197198
5585489
5954095
6290514
6580587
6809296
6896558
6526903
5806876
5141803
4595757
4062746
3606100
3321865
3394821
3807011
4275701
4781313
5320807
5803729
6190030
6480755
6703333
6757164
6402600
5848485
5302949
4644185
3916458
3438858
3182797
3157082
3424385
3933815
4473777
5007594
5549195
5987261
6290809
6490331
6643511
6666858
6249465
5383917
4652862
4066253
3445276
2994236
2968603
3280069
3695758
4135846
4572997
5027671
5503579
5936871
6253114
6359277
6223715
5963845
5531423
4793239
4004748
3432008
3045004
2839354
2870740
3169782
3670275
4250698
4809564
5235483
5598744
5966398
6280108
6396100
6041993
5436802
4871747
4240448
3594973
3098953
2765348
2647159
2784024
3121899
3517235
4071803
4740613
5288867
5636595
5796810
5861064
5754346
5459176
5092183
4539055
3668134
2863050
2484530
2417617
2507953
2707236
3017650
3452185
3977836
4552973
5024219
5291383
5367479
5285469
5014841
4702454
4327849
3807210
3173140
2624366
2330139
2204563
2223084
2428599
2834383
3393064
4004714
4532798
4872245
5049707
5121078
5021849
4694464
4259953
3821931
3207682
2533275
2143306
1967874
1906608
2059455
2428613
2807756
3096154
3561555
4094037
4375313
4321848
4322863
4513979
4456858
3815376
3105153
2651897
2315089
1994151
1845321
1910131
2057001
2270254
2586878
2957591
3368401
3800136
4139387
4201990
4006660
3724062
3420161
3093642
2729160
2371890
2013089
1762874
1624111
1556869
1645942
1949250
2363547
2682080
2974114
3395192
3768676
3774896
3506258
3306443
3171814
2820694
2322532
1968112
1806557
1652389
1485158
1468114
1606955
1811971
2074162
2440854
2776231
2970872
2994739
3032763
3117270
3117670
2806964
2367689
2039493
1851196
1603747
1324312
1231804
1330848
1456334
1537053
1759614
2138348
2471634
2675383
2811497
2865024
2713054
2458482
2328879
2249743
2016517
1620770
1320297
1200159
1144403
1134928
1257404
1490150
1697841
1867495
2077713
2311196
2415949
2393916
2343029
2270925
2143199
1928763
1649434
1358800
1151248
1040997
986420
983635.8
1065024
1268245
1513563
1685979
1808353
1950659
2079141
2118178
2057694
1969361
1853166
1677069
1445050
1216960
1052329
967792.8
926635.3
923825
982132.8
1101722
1276280
1444029
1586183
1702749
1795943
1806941
1756776
1625840
1524165
1446857
1321606
1147497
986092.5
875157.5
811965
795090
824445.3
902962.5
1013732
1154706
1343686
1527577
1625960
1616704
1543573
1440958
1324827
1210624
1108902
1014846
882093.8
767118.8
720844.8
727532.3
737620
772953
898012
1053477
1166737
1233342
1287704
1323832
1295161
1211273
1142806
1100194
1004471
862777.8
755950.8
695733.5
633681.8
563119.8
570309
647077.8
730238.8
806355.8
910829.8
1043647
1137606
1131896
1090649
1057366
1014263
912590
798862.3
722411.8
653739.8
568975.3
499883.8
485007.8
507106.8
540733.8
580521.5
665828.3
756741.5
818148.8
793592.8
827271.8
917031.3
897448
825847.8
737767.8
670874.8
600285
513943.8
438967.3
404843.8
393677.3
392789
416683.8
480285
557377.8
606759.5
619468.8
635423.3
665340.8
681411.8
671082
641213.3
596665
548581.5
477869.8
401782
344286.5
315518
293522.5
