507099.5
506839.3
137481.3
118319.3
133767.5
155942.3
170207.8
170529.3
165282.5
155410.3
143263.3
133843.5
142330.3
162142.8
185540.5
213182.8
233931.3
238296
235086
217188.8
196520
194876.3
204732.3
229821.3
260659.5
305191.8
329403.5
329487.3
324964.8
304324.8
279423.5
266329.3
280466.3
320449.3
367993.8
419398.8
447374.3
455964.8
442843.8
399748.3
363111.3
358632.3
391171.5
438127
492621.5
565782.8
616356.8
605396.8
557691.3
518913.8
491628
485763.8
528464.8
608670.8
689612.8
745985.8
774982.8
760609
748072.5
715020
651727.3
651524
693133.3
752685.5
842209.8
978251.3
1058188
989725.3
925635.8
874864.3
811294.3
794594.5
863125.5
1010229
1136224
1206641
1221993
1211727
1188314
1087015
992865
1022533
1148631
1264548
1372038
1504047
1573387
1527806
1406959
1283875
1263752
1304406
1359273
1472954
1678756
1845665
1867793
1765466
1709309
1613615
1511867
1482047
1611316
1822701
1983633
2086003
2145515
2112186
2018833
1886420
1788846
1827910
1951792
2103257
2271532
2453334
2578732
2466420
2292187
2272375
2221279
2147843
2208336
2477292
2634808
2728034
2798624
2829639
2770539
2562377
2412315
2447900
2636036
2838598
2945864
3076051
3182728
3142588
2859903
2728728
2837830
2975488
2989568
3105686
3330746
3514537
3502663
3396551
3337186
3309841
3271540
3202862
3245109
3516307
3798019
3938695
3945339
3818746
3715038
3597249
3444091
3422930
3631437
4014672
4265237
4167262
4181587
4326398
4186330
3769419
3617252
3876363
4098484
4130540
4275675
4547839
4648283
4510351
4224628
4030864
3952266
3933608
3978610
4119952
4400016
4656618
4702484
4531337
4347848
4232686
4094693
3955146
3962515
4135174
4435326
4637129
4677794
4643746
4546058
4452799
4203273
3801379
3858953
4262613
4530409
4555948
4663497
4913583
4870099
4295788
3979749
4085328
4218216
4281001
4365738
4604088
4920754
5031666
4750136
4449000
4468878
4487067
4118021
3897693
4310014
4794719
4855431
4765325
4902623
4931861
4504491
3989108
3886597
4114680
4294762
4443134
4616011
4841920
5034554
4888368
4420473
4170474
4173866
3994364
3881938
4072857
4433975
4694436
4751934
4654380
4460458
4256681
4108346
3880069
3691846
3823086
4155412
4366181
4491791
4671656
4720680
4383722
3951443
3735452
3728911
3803595
3985403
4177530
4341866
4402892
4463148
4327594
3975750
3768880
3719223
3573626
3571648
3906214
4255792
4401994
4381116
4383164
4271511
3930530
3656411
3605319
3587997
3671548
3981019
4316322
4408974
4365987
4273579
4132647
3848960
3640778
3622491
3674278
3742511
3929741
4211642
4427249
4477973
4362070
4093066
3671114
3494141
3582133
3722263
3878282
4106255
4308736
4410242
4261580
4046115
3912908
3794981
3557872
3479681
3634291
3859961
4058442
4170661
4284231
4407330
4275488
3873261
3547015
3473611
3534283
3673562
3888369
4166297
4368338
4357990
4188708
3971122
3743970
3527318
3481785
3556269
3748146
4027143
4354292
4539138
4453364
4270607
4184927
4022872
3675593
3449783
3535411
3827270
4125502
4385053
4693886
4911926
4690933
4125200
3763015
3650285
3622724
3676775
3826420
4130054
4399653
4585076
4760099
4764262
4515270
4125898
3751637
3488399
3541811
3853751
4239445
4536574
4632471
4636411
4657204
4503180
4091676
3735711
3605429
3596255
3767978
4144502
4588138
4926023
5014939
4806142
4484271
4234513
3942702
3661535
3665694
3863355
4202188
4626832
4995176
5173176
5116954
4760969
4268663
3909075
3749126
3760862
4008771
4361883
4670554
4963507
5241757
5373422
5253426
4785692
4149487
3778104
3701772
3807400
4192254
4764305
5262831
5547395
5496690
5186963
4771871
4347300
3918900
3737751
3977095
4397145
4789899
5082406
5364811
5572465
5554837
5190162
4608131
4129353
3917104
3856324
4004307
4454457
5037659
5556972
5894573
5911012
5473956
4856841
4222160
3727132
3703735
4174271
4790236
5288567
5618730
5803808
5902073
5772657
5299168
4776172
4454625
4358230
4329457
4430827
4882532
5477934
5967885
6253034
6175988
5817187
5170429
4313286
3854872
4017724
4566230
5084631
5479284
5814541
6152759
6353394
6027501
5325788
4803880
4383034
4076681
4195298
4665501
5274249
5783684
6130769
6343620
6450036
6149942
5112337
4275667
4030108
4155415
4513829
5050426
5606079
6077143
6421617
6539164
6251360
5717642
5067196
4442291
4197687
4419427
4881783
5402817
5843897
6216544
6507586
6695647
6469381
5470725
4594588
4213165
4232389
4638944
5198059
5735635
6176736
6517451
6719718
6626819
6248579
5565647
4699885
4195948
4209729
4592807
5189997
5736642
6157440
6470257
6697971
6649515
5816160
4875495
4367663
4159741
4418618
4941769
5482899
5971704
6367809
6663080
6788444
6556463
5929996
5015321
4311924
4171289
4406771
4950812
5550484
6048129
6426635
6707018
6861727
6520989
5567258
4804191
4432317
4358173
4649759
5170993
5688592
6130519
6472910
6713592
6763510
6393850
5530526
4519465
3995516
4153641
4661574
5235234
5762012
6194227
6529900
6765529
6804315
6328392
5409839
4562019
4084443
4105935
4561019
5162186
5713694
6155427
6498384
6747051
6819223
6381126
5389534
4472325
3999412
4005675
4443541
5068267
5655723
6124525
6483239
6739537
6823084
6353961
5351760
4408645
3893991
3877707
4347065
4994764
5575926
6038523
6398481
6677872
6787475
6244557
5194798
4324858
3760597
3655742
4010133
4580691
5228218
5797352
6239105
6549422
6671511
6409859
5628425
4632142
4014762
3786780
3815721
4316121
5036933
5652609
6109172
6441983
6692670
6719149
5862031
4618090
3882255
3637704
3825711
4358010
4927181
5460959
5933038
6326403
6620324
6659510
5947135
4922468
4066519
3578069
3565326
3924068
4419521
5018457
5619619
6103541
6449217
6616003
6378737
5547430
4408727
3618377
3311400
3371908
3889745
4660825
5346285
5851398
6189186
6393417
6369130
5795817
4847259
3956365
3400142
3377683
3707697
4217829
4869075
5505395
6012358
6351805
6416361
6067534
5370017
4293032
3396456
3072371
3350517
3919478
4517598
5019961
5472731
5893423
6204859
6194566
5463921
4500119
3751873
3189027
2959211
3180792
3811380
4564872
5219354
5688184
5999126
6185935
6054738
5271760
4183999
3438656
3068034
3002848
3270208
3814789
4490990
5154015
5695580
6043041
5977325
5372876
4622559
3791716
3106667
2784195
2843247
3212653
3850395
4564167
5150402
5562612
5791950
5758104
5206423
4234891
3304946
2683122
2435502
2650381
3220525
3781092
4257154
4726437
5163076
5447377
5339331
4656875
3728611
2963065
2527265
2419558
2596637
3025142
3604396
4152802
4628267
5038667
5240924
5005187
4342351
3636300
2979410
2412218
2203313
2392675
2763926
3251129
3840996
4418461
4808203
4858926
4637671
4183442
3401586
2602520
2158463
2005449
2074240
2506390
3193607
3766073
4011173
4089560
4168639
4172687
3952774
3460756
2850017
2203505
1838613
1897999
2212793
2654595
3197497
3757278
4114838
4140451
3989105
3723024
3275923
2615482
2067912
1818634
1777961
1941722
2333604
2852174
3252117
3500750
3664723
3654601
3453790
3000258
2516819
2077084
1687010
1538792
1678560
1985612
2378614
2830443
3310330
3608950
3578220
3204760
2751417
2370673
1985434
1652326
1463203
1546839
1888522
2284250
2570599
2763812
2882879
2968503
2929726
2742106
2369520
1970705
1647745
1429936
1362891
1418560
1641640
2021048
2414522
2699445
2839658
2866152
2730578
2388831
1945177
1550788
1312662
1222310
1291675
1538123
1837065
2047742
2178525
2325899
2531467
2600056
2429792
2111330
1736397
1374359
1133329
1093112
1183109
1337196
1573337
1887269
2179375
2313371
2281562
2200368
2093252
1833061
1443856
1141668
1013140
1006921
1078975
1256627
1559881
1872595
2048677
2091522
2062930
1970313
1773198
1505233
1259886
1078444
979976.8
957796.8
1031355
1188957
1383401
1569630
1703252
1790081
1807999
1719885
1534619
1296669
1120364
992759.8
903937.3
888033.3
962225.5
1116557
1267409
1401138
1555477
1709010
1745505
1598875
1365496
1158038
1010962
872124.8
778203.8
770376
845281.3
935922.3
1057315
1239660
1410686
1497034
1469954
1412099
1322033
1154028
939920
772953
722844
730272.5
759280.5
847305.8
1001152
1130576
1185205
1206989
1241338
1242994
1142511
984157.8
858766.8
769513.5
667001.8
571687.8
576021
672781.8
794022.8
908695.8
1009362
1109811
1162358
1107144
987356.8
861254.3
764362.8
684110
608462.3
567235.8
561395.8
580875.3
630307.8
701587.8
787946.8
871553.8
922765.5
944764.3
906205.5
827668.8
661740.8
551191.8
515287.3
464764
436955.8
433127.8
479998.8
565061
651507.8
718855.3
757559.8
775905.3
766449
738459.8
691629
617353.8
525363.5
440968.8
385523.3
367364.8
366299.8
392622
451765.3
523361
578569.5
594013.8
595514
606562.5
595882
528666.5
