-5942.5
-6191
-5817
-5817
-5539
-5833.5
-5716
-5523
-5323.5
-5536
-5629.5
-5028
-5191.5
-5145
-4784.5
-4904
-5111.5
-4601
-5177.5
-4934
-4700
-5015.5
-4839.5
-4780.5
-4669
-4314.5
-3944.5
-3972
-3821
-3720.5
-3869.5
-3777.5
-3362
-3431
-3719.5
-3127
-3181
-3306
-3180.5
-2497
-3174
-2238.5
-2388.5
-2450
-2126
-2051
-1645.5
-1595
-1775
-1456.5
-1326.5
-1156.5
-1189.5
-1193
-960
-898
-761
-373.5
-249.5
236.5
188
675
513
870
452
966.5
1357.5
1477
1807.5
1517.5
1652.5
2613.5
2825.5
2791
2659
2707.5
3183.5
3156
3567.5
3688.5
3937
3891
4152
4282.5
4636.5
4765.5
4850
5191.5
5128.5
5534.5
5370.5
5529
5700
6219
6730
6772.5
7163.5
7595.5
7210.5
7843
7810.5
8178
8345
8354.5
8473
8776.5
9107.5
9299.5
9233
9135.5
10012
9896
10314.5
10211.5
10919.5
10761
10614.5
11551.5
11545
11317
11557.5
11836
12056.5
12332
12487.5
12584.5
12661.5
12890
12672
13250.5
13664
14219.5
13866
13996.5
14420.5
14396.5
14910.5
14795.5
14910
15118.5
15015
15556
15696.5
15640.5
16249.5
15992
16567.5
16415
16657
16531.5
16755
16775.5
17164.5
17418.5
17769
17687
17881.5
18164
18049
18664.5
18466.5
18355
18739
18670.5
18708.5
18861
19069.5
19288.5
18920.5
19495.5
19528.5
19534.5
19528
19893
20095.5
19921.5
20070
20226
20438.5
20010
19559.5
19552
19848.5
19489.5
19387
20151
19922
20462
20353
20643.5
20192
20248.5
20390
20357
20612
20103
20070.5
20429
20143.5
20166.5
19805.5
19518
19726.5
19949
19559
19877
19575
19302.5
19175.5
19413.5
18744.5
19385.5
19089.5
18704
18650
18852
18508
18925.5
18518
18829
18893
18465.5
18375
18343
17920
18642
18452
18639
17841
18326
18067.5
17889.5
18083
17361.5
17892
17111
17651.5
17754.5
17080.5
17235.5
17924
16684
17151
17120.5
17126.5
17193.5
16876.5
16410
16565
17113
16466
16471.5
16483
16827.5
16484
16938.5
16196.5
16885.5
16596
16154
16454.5
16775
16959
16089
16544
16256
16230.5
16455.5
15993
16250.5
16180.5
15813
16021.5
15617.5
15474.5
16136.5
15764
15258
15749.5
15262
15513.5
15708
15810
15437.5
15288
15320
15008
15217.5
15164.5
14995.5
15069.5
15404.5
15184
15335.5
15363
15091.5
15041.5
14999
15266.5
14764
15507
15254
15049.5
15428
14657
15041.5
14824.5
15076
14586
14759
14681
14758.5
15032.5
15000.5
14874.5
15196.5
14961.5
15263.5
15295.5
14771
14882
15422
15214.5
15281.5
15667
15073.5
15336.5
15096.5
15043
15605.5
15358.5
15091.5
15548
14793
15305.5
15163
15544.5
15217
15002
15007.5
14743.5
14676.5
15197
15058
14925.5
14999
15061.5
15108
14899.5
15364.5
15195
14733.5
15153
14923.5
15643
15412
15418
15444.5
15064.5
15377.5
15217
14868.5
15115
15148.5
15422
15892.5
15776.5
15459
15718
15271.5
15482
15926.5
15313.5
15684.5
15295
15430
15523.5
15694
15470
15677.5
15276.5
15218.5
15237.5
15524
15007
15903
15876.5
16379
15928
15833
15548.5
15499
15953.5
15613.5
15149
15784.5
15785.5
15786.5
16280.5
16176
15757
16007.5
16204.5
16108
15894
16553
16223
15861
15733
16219
15883
15779
16167
15830.5
15883
15903.5
16291.5
15980.5
15307.5
15878.5
15995.5
15964.5
16030.5
16290.5
15938.5
15880.5
15608.5
15771.5
15648
15748.5
16093
16003.5
15808.5
15588
15949
15896.5
15588
15923.5
16037.5
15573.5
16236.5
15482
15576
15677
15644
16032.5
15980
15881.5
15815
15709.5
15858
15866
16020
16247
16191.5
15771.5
15883
16388
15802
15749
15571
16146
16022.5
16320.5
16298
15875
16121
16455.5
16118
16217
16326
16449
16128
16135.5
15360.5
16145.5
16025
15772.5
15871
15600.5
16044.5
16024
15621
15641.5
15690
15601.5
15830
15783
15568.5
15409.5
15433
15622.5
16014.5
15728.5
15872
15771.5
15376
15559.5
15634
15769
15838
15823
16198
15691.5
15659.5
15579
16086.5
15996.5
15394
15525
15533
15912.5
15127.5
15518.5
15850.5
15520.5
15514.5
15636.5
15493
15596.5
15601.5
15236
15349
15045
15136.5
15228.5
15216
14840
14672.5
14977.5
15146
14884
14200.5
14523.5
14652
14654.5
13991
14049
14130.5
13585
14008
13574.5
13656
13615.5
13192
13118
13345
13887.5
13030
13218
13305
13328
12694.5
12778
13075.5
13057.5
12984
12528
12953
12740.5
12621
12744
12394.5
12306.5
12813
12041
12267
11774
11808
11490
11319.5
11283
11298.5
11225.5
10924
10596.5
10493
10442
10400
9917
10653
10334
10284
10148.5
9728
9716
9775
9589.5
9917.5
9848.5
9629
9055.5
9194.5
9901
9108.5
9382
9668
9455
9801
9237
9160
9242
8752.5
9396.5
8975.5
9096
8693
8927.5
8998.5
8863
8702
8552
9145
8449.5
9170.5
8712
8750
9028
8658.5
8424
8437
8323.5
8668.5
8235
8112.5
8455.5
8311.5
8117.5
8338
8027
7930.5
8142
8099
8121
8181.5
8584
7772.5
7967
8181
7680
7647.5
7794.5
7755
7952.5
7902
7744
7858.5
7510.5
8077.5
7530
7621
7485
7483
7673
7397
7460.5
7276.5
7774
7139.5
7156
7382.5
6987.5
7089
7108
7179
7029.5
7131
6504
7052
6259
6457.5
6340.5
5898
6273.5
6105.5
6452
6564.5
6604
6459.5
6534
6024.5
6380.5
6324
6200
6654
5847.5
6180
6103
5898.5
5834.5
5683
5942.5
6230
5675.5
6084
6043
5464
6017
5909
5849
5362.5
5714.5
5280.5
5683
5054
5152.5
5060.5
5080
5450
5559.5
5454.5
5109
5047.5
5331
4947
4743.5
5183
5535
4588
4755.5
5056.5
4516.5
4658
4587
4686
4535
4462
4499
4486
4278.5
4231.5
3928
3982.5
3876
3606
3951
3684.5
3754
3275.5
3386
3615.5
3359.5
3728
3303
3552
3427
3630.5
3884.5
2998
2941
3419
3059
3375.5
3084.5
3010.5
3256.5
2710.5
2925.5
3413
2577
2912.5
2934.5
2419
2656.5
2284.5
2348.5
2492
2264
2275.5
2296
2659.5
2312.5
1791
1808
1972.5
1881.5
1507
1633.5
2115.5
1680.5
1567.5
931
1526
1551
926.5
1392
849.5
1441
747
908
918.5
598
1040.5
876.5
828.5
556
602
566
684.5
510.5
391.5
460
253.5
344.5
-95.5
171
-75
-145.5
314.5
99
-70
304.5
-184.5
208.5
-216
-494
-519
-837
-245.5
-239
-785
-426.5
-403
-644.5
-700.5
-750.5
-664.5
-1045.5
-641
-1030.5
-895
-1324
-1171.5
-1234.5
-1449
-1930.5
-1097.5
-1292.5
-1218
-1530
-1570
-1616.5
-1316
-1623
-1628.5
-2099.5
-2094.5
-2172.5
-2049
-2086.5
-1848.5
-1741
-1941
-2337
-1938.5
-2093
-2261.5
-2447
-2677.5
-2476.5
-2295
-2680
-3004
-2256.5
-2817.5
-2703
-2797.5
-2549
-3214
-2807.5
-2462.5
-2714
-3591
-3195
-3044.5
-3365.5
-2756.5
-3110.5
-3185.5
-3044
-3070
-3356
-2965.5
-3103.5
-3626.5
-3669
-3018
-3075.5
-3480
-3374.5
-3119
-3314
-3329
-3164.5
-3329.5
-3657
-3751
-3035.5
-3160.5
-3534.5
-3560.5
-4185.5
-3674.5
-3549.5
-3544
-3600.5
-3654.5
-3837
-3760
-3798.5
-3743.5
-3700
-3285
-3395
-3723
-4051.5
-3821.5
-4294
-3797.5
-4528
-3932
-4132
-3842.5
-4263
-3926
-3941
-3667
-4164
-3760
-3945
-4036
-4277
-4469
-4451
-4639
-3888
-3974.5
-4421.5
-4190
-3955.5
-3885
-4133
-4148.5
-3937
-3739.5
-4503.5
-4496.5
-3946
-4273
-3959.5
-4342.5
-4413
-4226
-4272.5
-4831
-4426
-4283.5
-4798
-4849.5
-4206.5
-4849.5
-4745
-4756.5
-4507.5
-4906.5
-4977
-5285.5
-4580.5
-4987.5
-4813.5
-4603.5
-5013
-5070
-4481
-5129.5
-4880.5
-5051.5
-4432.5
-5224
-4826
-5174.5
-5685
-5375.5
-5098
-5403
-5378
-5098
-5515.5
-4996.5
-5164.5
-5314
-5175.5
-5144.5
-5323.5
-5513
-5686
-5346.5
-5621
-5511.5
-5856.5
-5431.5
-5762
-5691
-5495
-5644.5
-5872
-5795.5
-5635
-5594
-6057.5
-5970.5
-6211
-5982.5
-5931.5
-6557.5
-6088
-6132.5
-5872
-6178
-6440.5
-6052.5
-6148
-6603
-6533.5
